-5	-4	13	-9	16	35	1	19	292,69
-5	4	13	-9	20	52	-1	3	316,65
-5	0	13	7	27	52	-2	11	90,38
-5	4	14	-12	21	28	1	3	272,93
-5	3	14	-12	27	46	-1	5	104,23
-5	1	14	-11	22	36	1	9	263,67
-5	-2	14	5	1	29	-2	15	275,19
-5	2	15	-10	24	27	0	7	150,02
-5	2	15	1	27	40	-3	7	70,88
-5	-4	15	2	7	49	-3	19	101,15
-5	-1	15	8	31	50	1	13	65,21
-5	1	15	13	20	49	1	9	321,63
-5	4	16	-3	11	34	0	3	69,45
-5	-3	16	-2	35	40	-2	17	125,36
-5	-1	16	2	15	31	-3	13	232,61
-5	0	16	15	16	36	-1	11	287,33
-5	3	17	-9	31	35	-2	5	-3,97
-5	-4	17	-8	11	39	-2	19	110,61
-5	1	17	5	-2	25	-3	9	372,06
-5	-1	17	7	30	36	-3	13	21,33
-5	4	18	1	29	48	1	3	36,51
-5	-5	18	9	33	38	-3	21	65,47
-5	0	18	10	36	39	-3	11	161,88
-5	4	19	-1	21	31	-1	3	278,46
-5	1	19	1	22	51	-1	9	282,46
-5	3	19	2	16	42	-2	5	232,51
-5	4	20	-11	35	30	-1	3	111,43
-5	4	20	-3	12	39	-3	3	111,36
-5	-5	20	-1	31	32	-2	21	14,29
-5	-4	20	12	20	31	-3	19	301,57
-5	2	21	-8	16	24	-1	7	254,02
-5	-1	21	-5	27	44	1	13	98,33
-5	3	21	-4	22	39	-2	5	229,65
-5	0	21	5	35	50	-2	11	123,4
-5	0	22	-1	6	45	1	11	100,28
-5	-3	23	-10	0	28	-1	17	334,8
-5	-4	24	-10	30	51	1	19	55,32
-5	-2	24	-1	18	29	-2	15	272,49
-5	4	25	-8	19	53	1	3	288,67
-5	2	25	-7	24	42	-3	7	169,74
-5	3	25	12	29	24	1	5	-4,18
-5	0	25	14	16	39	0	11	227,97
-5	1	26	-6	18	36	1	9	295,15
-5	-3	26	4	29	43	1	17	39,73
-5	2	26	4	-2	49	-2	7	329,66
-5	-3	27	-4	39	47	-1	17	303,54
-5	-5	28	-6	25	33	-3	21	134,74
-5	4	28	-2	13	42	-3	3	124,75
-5	-1	29	-10	-2	26	-1	13	366,24
-5	1	29	15	3	43	-2	9	150,56
-5	-3	29	16	17	42	1	17	281,95
-5	-4	30	-9	1	52	1	19	280,29
-5	-1	30	1	34	41	-1	13	85,28
-5	0	30	1	26	26	1	11	79,7
-5	-3	30	7	5	24	1	17	106,14
-5	-1	31	-9	28	24	1	13	11,13
-5	-3	31	-9	14	42	-1	17	202,21
-5	-2	32	-10	-1	42	-3	15	317,07
-5	4	32	12	13	39	0	3	96,09
-5	-3	33	-8	22	44	0	17	223,27
-5	0	33	-2	5	46	0	11	62,89
-5	-4	33	12	9	50	1	19	66,63
-5	4	33	13	4	46	-1	3	113,74
-5	0	34	-3	9	48	1	11	34,88
-5	-4	34	8	31	53	-2	19	8,59
-5	0	34	15	18	27	-2	11	233,41
-5	4	35	0	28	30	-2	3	-33,58
-5	-3	35	3	36	45	1	17	159,32
-5	-4	35	8	18	35	-3	19	264,51
-5	4	35	10	11	25	-1	3	53,83
-5	0	35	15	3	33	-3	11	141,85
-5	3	35	15	25	34	-1	5	113,6
-5	-3	36	-11	25	46	1	17	136,58
-5	-4	37	-12	6	52	1	19	69,03
-5	-5	37	-1	14	53	1	21	200,56
-5	2	37	1	22	25	1	7	193,93
-5	3	37	3	13	45	-3	5	101,64
-5	-3	37	8	25	51	0	17	112,01
-5	-2	37	9	4	49	-3	15	114,43
-5	-2	37	13	36	38	0	15	96,95
-5	4	38	-12	37	48	1	3	156,35
-5	-1	38	-7	26	41	0	13	41,13
-5	1	38	2	25	44	-2	9	85,03
-5	-4	38	8	30	29	-1	19	-11,55
-5	0	39	-2	-1	35	0	11	267,5
-5	0	39	5	0	24	-1	11	273,81
-5	0	39	7	19	33	-1	11	258,94
-5	4	39	14	0	38	1	3	256,13
-5	3	40	-5	1	51	1	5	213,62
-5	3	40	6	12	51	0	5	45,05
-5	4	40	8	24	46	1	3	129,99
-5	4	40	14	5	49	1	3	40,46
-5	-1	41	-11	20	42	-3	13	237,36
-5	-4	41	-7	16	45	-1	19	233,95
-5	0	41	-3	16	48	1	11	217,83
-5	-1	41	2	21	45	0	13	209,62
-5	2	42	13	13	45	-1	7	112,47
-5	3	43	14	17	27	-2	5	178,49
-5	1	43	15	6	25	-3	9	2,82
-5	-3	44	-11	31	37	-2	17	-66,22
-5	1	44	3	39	36	0	9	172,5
-5	-1	44	8	23	46	-1	13	176,77
-5	3	44	16	27	42	-3	5	-9,85
-5	1	45	-12	0	31	-2	9	218,31
-5	-3	45	-7	8	53	-1	17	16,37
-5	1	45	2	9	32	-2	9	-38,45
-5	1	45	5	0	33	-2	9	218,54
-5	-5	45	5	31	48	0	21	-41,16
-5	1	46	1	24	28	-2	9	72,31
-5	2	46	1	8	34	1	7	-32,27
-5	0	46	4	27	31	1	11	-11,26
-5	3	46	14	14	44	1	5	114,43
-5	2	47	7	38	37	1	7	152,27
-5	-1	47	16	3	35	-2	13	89,53
-5	-2	48	-11	37	49	1	15	146,9
-5	-2	48	-6	26	48	-1	15	50,75
-5	-4	48	0	33	40	-2	19	-31,1
-5	-3	48	9	24	25	-3	17	89,16
-5	-3	48	15	24	31	1	17	93,21
-5	-3	49	-1	4	51	0	17	47,21
-5	-1	49	1	9	49	-2	13	-37,45
-5	1	49	12	17	48	-1	9	198,99
-5	-1	50	-11	19	37	1	13	212,26
-5	-3	50	-9	36	34	-3	17	47,84
-5	0	51	-6	30	25	0	11	-132,05
-5	-1	51	-2	35	40	-2	13	2,72
-5	4	51	4	5	52	-3	3	-16,19
-5	3	51	9	27	32	-2	5	-69,85
-5	-2	51	14	4	53	1	15	63,81
-5	2	51	16	17	48	0	7	144,43
-5	4	52	13	26	32	1	3	-16,45
-5	-4	53	-7	28	48	0	19	-61,73
-5	2	53	-7	2	50	1	7	115,78
-5	1	53	-6	33	25	-1	9	-72,23
-5	4	53	0	11	40	-2	3	-48,37
-5	1	53	12	31	39	0	9	-128,92
-5	-5	54	-6	22	32	0	21	111,99
-5	4	54	-2	16	51	1	3	140,85
-5	-1	54	2	21	37	1	13	168,72
-5	1	55	-6	33	49	1	9	-50,54
-5	-1	55	-1	12	40	0	13	-16,26
-5	-1	55	10	23	35	-2	13	70,47
-5	-5	55	13	11	48	-1	21	16,49
-5	-3	55	16	20	31	1	17	162,89
-5	-5	56	-9	-2	48	-1	21	281,07
-5	-2	56	-7	7	52	-1	15	-40,2
-5	3	56	5	37	27	1	5	45,25
-5	-3	57	-8	20	30	-1	17	171,11
-5	1	57	-1	16	40	-2	9	111,69
-5	-3	57	7	9	43	-3	17	-65,92
-5	-3	57	14	38	50	-1	17	147,56
-5	-3	57	15	38	33	1	17	106,09
-5	3	59	2	3	28	-2	5	13,74
-5	2	59	3	16	40	1	7	108,49
-5	3	59	8	38	32	0	5	35,09
-4	-1	13	-3	2	47	-3	13	263,5
-4	1	13	5	-1	38	0	9	347,97
-4	-1	13	10	2	34	1	13	270,14
-4	1	13	13	10	52	-1	9	109,85
-4	-2	14	-10	25	45	0	15	153,29
-4	-4	14	-9	19	36	0	19	301,32
-4	2	15	-11	33	37	-1	7	69,92
-4	-4	15	-10	29	43	0	19	37,05
-4	1	15	-3	29	30	-3	9	21,09
-4	-1	15	4	-2	45	-2	13	386,93
-4	-3	15	13	10	34	1	17	110,62
-4	-3	16	-8	4	27	0	17	155,11
-4	3	16	-6	7	53	0	5	48,81
-4	4	16	-2	23	48	0	3	197,05
-4	-2	16	0	1	51	-3	15	312,53
-4	4	16	0	1	42	-3	3	275,98
-4	-3	16	2	32	46	-1	17	78,06
-4	1	16	5	18	32	-3	9	290,7
-4	4	17	-7	29	46	-1	3	42,08
-4	1	17	10	-1	39	-2	9	343,06
-4	0	19	-9	31	32	-1	11	29,92
-4	-3	19	-3	23	32	-1	17	249,86
-4	-2	19	0	-1	30	-3	15	358,96
-4	4	19	0	16	52	-1	3	266,73
-4	-4	20	-9	8	43	-3	19	89,21
-4	2	20	9	27	45	-1	7	93,54
-4	-5	20	11	15	25	-3	21	238,64
-4	1	21	-11	24	46	1	9	202
-4	4	21	-7	18	25	-1	3	291,43
-4	-2	21	3	-2	47	-3	15	381,12
-4	-2	21	7	14	50	0	15	200,13
-4	-3	21	14	24	24	-2	17	164,2
-4	0	22	-11	6	50	-2	11	85,54
-4	3	22	-9	26	49	0	5	84,71
-4	0	22	-9	14	51	-1	11	233,34
-4	2	22	-7	31	39	1	7	22,43
-4	4	22	7	2	29	-1	3	253,67
-4	1	22	8	7	33	-2	9	57,66
-4	-5	22	14	37	37	-2	21	201,29
-4	0	23	-5	-1	46	1	11	367,6
-4	3	23	14	37	44	0	5	174,02
-4	-1	24	-11	4	28	1	13	169,79
-4	-4	24	-8	26	25	-2	19	87,14
-4	-2	24	0	33	33	0	15	18,69
-4	4	24	3	15	32	-1	3	233,77
-4	0	24	4	21	46	-2	11	266,23
-4	2	25	-8	22	31	1	7	248,63
-4	-1	25	-5	21	29	1	13	270,86
-4	3	25	3	37	52	1	5	204,18
-4	-4	25	6	13	42	1	19	183,5
-4	-3	25	6	9	25	-2	17	52,39
-4	4	25	11	29	30	1	3	4,52
-4	-4	25	14	26	34	-1	19	133,86
-4	-5	26	-10	3	23	-1	21	225,58
-4	-2	26	-3	23	48	0	15	215,84
-4	-5	26	-2	34	38	-3	21	79,05
-4	-1	26	3	24	41	1	13	189,03
-4	-3	26	8	9	48	-2	17	64,47
-4	-2	27	5	25	23	-1	15	131,73
-4	-3	28	-7	4	33	-1	17	171,2
-4	1	28	13	26	48	-1	9	125,74
-4	-3	29	-12	8	34	0	17	46,55
-4	1	29	-12	34	31	1	9	62,61
-4	4	29	-2	3	28	-3	3	173,32
-4	0	29	10	7	51	-2	11	51,35
-4	-3	30	1	2	34	-1	17	256,24
-4	-2	30	6	33	30	-1	15	47,49
-4	0	30	8	5	34	-1	11	123,82
-4	-3	31	-12	31	32	0	17	-25,44
-4	-2	31	-11	24	44	-3	15	176,8
-4	-3	31	4	-2	37	0	17	348,99
-4	3	31	4	22	48	-3	5	222,92
-4	-1	31	5	1	41	-1	13	290,68
-4	-3	31	9	14	41	0	17	172,24
-4	3	31	15	32	32	1	5	-2,49
-4	-3	32	-5	24	43	1	17	187,2
-4	-1	32	-3	0	34	-1	13	333,21
-4	-3	32	-2	16	29	-2	17	217,27
-4	-4	32	3	12	31	-1	19	138,86
-4	-3	32	9	38	37	-3	17	230,12
-4	-4	32	14	30	30	0	19	-28,6
-4	3	33	0	17	28	-1	5	254,84
-4	-1	33	3	13	42	-1	13	163,55
-4	0	33	4	22	24	-1	11	233,98
-4	-2	33	10	11	30	-1	15	94,8
-4	-2	34	5	35	38	1	15	104,93
-4	0	35	-8	24	48	0	11	139
-4	3	35	10	33	25	-1	5	9,39
-4	-3	35	12	3	40	-2	17	164,96
-4	3	36	1	19	36	-2	5	235,66
-4	-2	37	-7	21	38	-2	15	236,79
-4	4	37	9	39	26	-1	3	224,95
-4	1	37	11	-1	52	-2	9	303,35
-4	2	37	16	-1	29	-3	7	321,55
-4	-2	38	-1	12	36	0	15	74,32
-4	2	38	1	22	47	0	7	198,71
-4	2	38	11	6	39	-3	7	45,49
-4	-2	39	7	9	52	-2	15	30,24
-4	2	39	8	33	45	-1	7	25,85
-4	1	39	12	15	33	0	9	167,33
-4	3	39	13	-2	49	0	5	310,29
-4	-3	39	16	6	31	1	17	68,52
-4	1	40	-10	33	24	-2	9	-33,51
-4	-3	40	0	-2	42	-3	17	348,87
-4	1	40	3	37	31	-2	9	133,92
-4	-4	41	-7	2	33	-2	19	197,12
-4	1	41	-4	7	45	0	9	4,34
-4	1	42	-12	39	41	1	9	235,15
-4	3	43	-8	2	46	-3	5	171,91
-4	0	44	4	24	29	1	11	127,52
-4	-3	44	6	10	31	0	17	12,49
-4	2	44	10	15	39	0	7	139,92
-4	-5	44	14	17	23	-1	21	233,75
-4	3	45	-9	11	44	-2	5	15,77
-4	3	45	6	34	44	0	5	-7,68
-4	-1	45	6	4	42	0	13	85,63
-4	-2	47	-12	18	27	1	15	232,37
-4	-3	47	-1	36	53	1	17	147,02
-4	-2	47	10	17	48	-1	15	244,37
-4	1	47	12	38	46	-2	9	163,32
-4	-5	48	-7	10	51	-1	21	58,24
-4	-5	48	8	35	34	-2	21	41,77
-4	-1	50	-12	26	44	-1	13	57,12
-4	4	50	-6	15	35	1	3	139,43
-4	4	50	-1	31	53	1	3	-48,68
-4	-3	50	6	30	27	1	17	-54,34
-4	-1	50	6	2	24	0	13	145
-4	-2	50	8	22	42	1	15	195,66
-4	0	51	-10	17	52	1	11	215,13
-4	-4	51	2	18	38	-1	19	242,88
-4	-3	51	9	31	51	-3	17	-38,75
-4	-4	51	14	31	50	-2	19	-39,61
-4	-2	52	-9	11	23	1	15	21,92
-4	-1	52	-1	33	49	-1	13	-0,55
-4	4	52	4	32	23	-1	3	-82,18
-4	-3	52	4	-1	34	-2	17	266,54
-4	1	52	7	2	24	-1	9	167,67
-4	4	52	10	29	29	-2	3	-97,95
-4	4	52	14	34	52	1	3	12,62
-4	0	52	16	10	27	-2	11	-25,81
-4	-3	53	-12	-1	50	-2	17	274,68
-4	-5	53	-9	26	30	-2	21	3,04
-4	-5	53	-6	35	42	-3	21	52,38
-4	-1	53	-4	29	37	0	13	-81,52
-4	-3	53	-3	24	51	-3	17	116,7
-4	3	53	4	23	45	0	5	94,64
-4	-1	54	-11	35	36	-2	13	-3,74
-4	-4	54	15	20	28	0	19	173,06
-4	-5	54	16	15	53	1	21	180,26
-4	-1	55	13	4	23	-1	13	73,72
-4	2	56	-9	11	37	-1	7	2,9
-4	-4	56	-3	15	41	1	19	155,16
-4	3	56	-1	15	52	0	5	92,12
-4	-2	56	12	1	23	-1	15	210,13
-4	1	57	-8	38	27	1	9	117,96
-4	3	57	-5	8	42	-3	5	-58,01
-4	0	57	4	9	37	-1	11	-22,34
-4	-4	57	11	9	35	1	19	-16,37
-4	3	57	13	19	49	-2	5	169,06
-4	-2	57	14	33	37	-1	15	-35,38
-4	-3	58	16	31	29	0	17	-127,07
-4	3	59	-4	10	52	-2	5	-61,18
-4	-5	59	-2	23	46	-2	21	118,49
-4	-5	59	12	39	30	1	21	158,16
-3	4	13	-10	37	46	0	3	182,53
-3	-5	13	-5	18	39	-1	21	345,09
-3	1	13	5	2	28	-1	9	279,39
-3	-1	14	5	19	26	1	13	314,28
-3	0	14	10	2	45	1	11	278,45
-3	3	14	14	1	40	1	5	306,96
-3	-4	15	11	39	30	1	19	294,1
-3	-5	16	4	38	40	0	21	253,18
-3	-5	16	5	22	26	1	21	270,1
-3	-1	16	16	17	30	1	13	293,1
-3	3	16	16	23	47	-1	5	247,83
-3	-3	17	-7	18	44	0	17	298,42
-3	4	17	0	21	26	-3	3	265,28
-3	0	17	0	4	42	-3	11	171,29
-3	3	17	12	22	42	-1	5	269,91
-3	-5	18	-10	11	36	-2	21	114,2
-3	2	18	-6	4	25	0	7	142,8
-3	-1	18	6	5	51	1	13	153,94
-3	1	19	-12	18	42	-2	9	279,03
-3	1	19	11	33	25	1	9	42,33
-3	3	20	-12	35	42	0	5	88,31
-3	0	20	-9	12	43	-1	11	158,67
-3	2	20	-5	29	24	-2	7	-10,28
-3	4	20	-4	29	48	-3	3	26,24
-3	-2	20	5	9	47	-3	15	90,6
-3	3	20	9	37	32	1	5	191,45
-3	-1	21	-11	19	53	0	13	299,36
-3	-5	21	-10	9	43	1	21	114,88
-3	4	21	-3	24	53	-3	3	180,39
-3	-4	21	9	-1	52	0	19	379,24
-3	-2	21	15	5	32	-3	15	137,46
-3	2	22	-9	31	46	-1	7	39,7
-3	4	22	-5	12	42	1	3	133,97
-3	3	22	-1	36	26	-2	5	114,45
-3	2	22	2	15	33	1	7	235,25
-3	-2	22	6	17	30	1	15	292,68
-3	1	22	10	12	45	0	9	116,12
-3	-1	23	12	32	37	0	13	9,25
-3	-3	24	-11	15	33	0	17	215,26
-3	2	24	-3	14	38	1	7	198,21
-3	-2	24	4	37	26	0	15	158,06
-3	2	24	8	29	44	-3	7	20,82
-3	4	24	13	2	50	0	3	221,43
-3	4	25	12	24	42	0	3	153,8
-3	3	25	13	9	31	-2	5	46,92
-3	4	25	13	7	40	0	3	42,61
-3	1	26	-12	35	45	-2	9	109,56
-3	-1	26	-10	24	42	-3	13	183,31
-3	1	26	-1	20	33	0	9	257,9
-3	-4	26	6	12	51	1	19	165,16
-3	1	26	11	1	27	0	9	264,5
-3	-3	27	12	4	36	1	17	188,22
-3	4	28	7	28	33	1	3	25,33
-3	-4	29	-11	2	32	1	19	276,15
-3	1	29	-10	9	44	-1	9	78,04
-3	2	29	-8	18	39	-3	7	277,26
-3	-3	29	-6	23	38	-1	17	239,45
-3	-2	29	-2	19	47	-3	15	312,22
-3	-2	29	15	6	30	1	15	110,52
-3	-2	30	-1	11	36	-3	15	100,1
-3	2	30	-1	28	43	-1	7	58,59
-3	3	30	3	24	51	0	5	154,49
-3	3	30	4	34	31	-2	5	32,45
-3	-2	30	5	3	29	-2	15	194,32
-3	2	30	6	37	51	-1	7	215,66
-3	-5	30	8	23	26	-1	21	223,75
-3	-1	31	-9	4	26	0	13	131,11
-3	4	31	-8	31	45	-3	3	-9,36
-3	2	31	-7	11	27	0	7	57,01
-3	2	31	6	24	48	0	7	150,56
-3	-2	32	-12	6	50	0	15	83,19
-3	-2	32	-10	0	28	0	15	317,21
-3	0	32	1	28	42	0	11	14,83
-3	-1	32	1	3	33	1	13	209,48
-3	1	32	4	21	24	-1	9	259,06
-3	-3	32	9	21	38	-1	17	288,07
-3	-5	32	15	4	43	0	21	165,96
-3	1	33	11	17	44	-3	9	265,74
-3	2	33	13	38	53	1	7	246,51
-3	-3	34	-11	28	39	-1	17	57,99
-3	1	34	-11	28	51	0	9	22,11
-3	-5	34	-9	37	31	1	21	194,1
-3	0	34	6	27	44	-1	11	83,24
-3	-5	34	8	29	52	-2	21	36,16
-3	-3	34	10	0	24	1	17	339,67
-3	-2	35	5	36	30	-2	15	112,16
-3	-1	35	9	16	24	1	13	243,22
-3	0	35	12	4	49	-1	11	174,04
-3	3	36	-11	36	28	0	5	94,66
-3	-5	36	-6	23	52	1	21	247,9
-3	-2	36	-5	34	42	-3	15	69,23
-3	2	36	3	6	38	-2	7	62,8
-3	-1	37	5	5	27	1	13	122,55
-3	-2	38	1	17	38	-1	15	278,83
-3	2	38	15	7	26	0	7	26,7
-3	-4	39	-7	13	39	1	19	166,21
-3	4	39	-4	27	25	0	3	-2,18
-3	-2	39	1	3	41	-3	15	198,26
-3	1	39	3	27	40	1	9	54,57
-3	4	39	5	37	39	0	3	134,43
-3	-5	40	-12	-1	38	-2	21	345,67
-3	-5	40	16	14	30	-2	21	162,34
-3	4	41	-2	6	46	-3	3	50,86
-3	-1	41	0	38	37	0	13	194,86
-3	-4	41	10	7	24	-3	19	52,15
-3	1	41	11	16	48	-1	9	243,74
-3	-4	41	15	21	30	1	19	257,72
-3	0	41	15	14	26	-1	11	177,89
-3	3	42	3	33	49	1	5	28,68
-3	-3	43	0	12	51	1	17	125,6
-3	3	43	2	5	29	-1	5	92,85
-3	-2	43	3	37	41	-3	15	174,26
-3	-4	43	3	39	40	-1	19	270,51
-3	-5	43	7	3	49	-3	21	196,43
-3	0	43	10	15	37	0	11	177,72
-3	-3	43	15	1	40	-1	17	284,28
-3	2	44	-2	4	34	-3	7	116,26
-3	-5	44	-1	27	45	1	21	66,37
-3	-1	44	1	30	51	1	13	9,7
-3	-3	44	5	19	52	-3	17	280,42
-3	2	44	7	14	24	-1	7	159,02
-3	4	45	-4	31	51	1	3	-16,55
-3	0	45	8	15	40	-1	11	209,47
-3	0	45	12	36	34	-1	11	118,26
-3	4	46	-8	33	27	1	3	-13,07
-3	-2	46	-4	37	23	-2	15	116,05
-3	-3	46	8	9	26	-2	17	14,81
-3	-5	46	14	1	25	-1	21	281,21
-3	4	47	-11	31	33	-3	3	-51,08
-3	2	47	11	18	30	-1	7	246,5
-3	4	47	12	31	30	-3	3	-60,99
-3	-5	48	-9	22	39	-2	21	206,8
-3	4	48	-9	-1	39	-1	3	322,52
-3	-1	48	6	25	23	-2	13	63,97
-3	3	48	11	5	33	-1	5	93,46
-3	3	49	-8	21	24	-2	5	185,13
-3	-5	49	-5	11	39	-3	21	68,62
-3	-1	49	14	28	37	0	13	-32,28
-3	-5	49	16	14	25	0	21	128,93
-3	3	50	-4	3	30	-2	5	129,33
-3	-3	50	-3	8	49	1	17	40,74
-3	-1	50	4	16	31	0	13	177,47
-3	3	50	10	37	47	-1	5	159,45
-3	1	50	11	21	32	0	9	190,98
-3	0	51	2	7	40	-2	11	8,85
-3	-1	51	6	22	38	0	13	174,19
-3	4	51	11	24	33	-2	3	88,54
-3	-3	51	13	29	34	1	17	-26,19
-3	3	52	-3	25	36	-3	5	66,32
-3	3	52	7	34	45	-2	5	-8,84
-3	-1	53	-10	4	49	-3	13	104,35
-3	-4	53	-5	18	49	0	19	235,95
-3	-3	53	-3	14	37	-2	17	133,07
-3	-4	53	9	11	25	0	19	17,37
-3	-5	54	-3	36	34	0	21	73,65
-3	2	54	7	37	48	-2	7	129,08
-3	0	54	13	6	36	-3	11	28,46
-3	-4	55	-1	25	27	-3	19	70,66
-3	-1	55	1	6	32	-3	13	27,45
-3	-3	55	10	35	24	0	17	5,6
-3	3	56	-12	19	50	1	5	228,14
-3	1	56	-11	4	42	-2	9	77,26
-3	-4	56	-7	13	42	-3	19	107,16
-3	-2	56	-3	10	45	1	15	21,47
-3	-1	56	3	27	52	0	13	2,88
-3	1	56	11	25	25	-2	9	36,96
-3	-1	57	7	25	46	0	13	58,19
-3	2	57	9	7	39	-3	7	-1,91
-3	-2	58	-4	3	45	-3	15	134,54
-3	-4	58	4	14	24	-2	19	102,12
-3	4	59	-3	24	31	0	3	54,25
-3	-3	59	11	12	53	-2	17	56,69
-2	1	13	-12	22	53	-1	9	292,62
-2	4	13	-10	13	51	-2	3	150,14
-2	1	13	-6	36	44	-3	9	173,04
-2	1	13	-3	30	43	-2	9	17,35
-2	1	13	6	15	52	-2	9	243,5
-2	3	13	11	28	49	1	5	71,45
-2	-2	13	11	35	47	0	15	130,36
-2	-4	13	12	33	29	0	19	39,45
-2	2	14	-3	21	39	-3	7	278,65
-2	-5	14	11	13	48	-3	21	206,36
-2	-4	15	2	1	49	-2	19	322,2
-2	-3	15	5	-2	47	0	17	401,05
-2	4	15	15	16	33	1	3	264,63
-2	-1	16	-8	13	30	-3	13	175,43
-2	-5	16	-3	26	36	-1	21	155,65
-2	-4	16	2	20	38	1	19	324,99
-2	-4	16	5	23	29	-3	19	235,53
-2	0	17	-5	16	53	-1	11	295,5
-2	0	18	-9	6	34	-2	11	105,22
-2	-2	18	-2	36	33	1	15	177,07
-2	-5	18	2	2	41	0	21	270,25
-2	3	19	-10	18	33	-3	5	285,15
-2	-1	19	-4	16	23	0	13	245,66
-2	-2	19	-2	28	25	1	15	55,77
-2	2	20	-12	3	41	0	7	193,22
-2	-3	20	-8	25	42	-2	17	153,17
-2	4	20	-1	6	25	-2	3	89,97
-2	-1	20	5	13	26	1	13	179,55
-2	2	21	-12	32	36	-1	7	46,49
-2	-4	21	-5	17	28	-1	19	311,29
-2	2	21	-2	34	35	-3	7	66,77
-2	-2	21	13	10	27	1	15	105,37
-2	-1	22	13	14	27	1	13	210,29
-2	4	23	-3	19	28	-1	3	300,02
-2	-2	23	12	24	50	-1	15	229,25
-2	3	23	13	10	34	-2	5	71,48
-2	1	24	3	28	26	1	9	36,88
-2	3	24	10	38	41	1	5	244,09
-2	4	25	-6	18	51	1	3	306,51
-2	1	25	7	33	35	-3	9	43,34
-2	3	27	11	8	48	1	5	78,72
-2	0	28	-10	36	32	-1	11	163,57
-2	-3	28	-3	24	34	1	17	195,01
-2	1	28	3	11	38	-3	9	103,04
-2	-5	28	12	2	53	1	21	302,36
-2	2	29	-4	23	28	1	7	210,99
-2	3	30	-1	27	51	-1	5	84,58
-2	-2	30	10	6	25	-2	15	92,89
-2	2	30	11	25	52	-2	7	131,15
-2	2	30	13	24	52	-1	7	199,97
-2	-3	31	-10	37	26	-3	17	176,38
-2	4	31	-7	36	53	-1	3	174,83
-2	0	31	-4	35	38	1	11	129,77
-2	-4	31	-4	39	33	-3	19	269,7
-2	2	31	12	28	29	0	7	-4,61
-2	0	31	14	14	26	-3	11	188,08
-2	-3	32	0	20	32	-2	17	277,7
-2	2	32	5	22	43	-1	7	255,55
-2	-3	32	13	9	34	1	17	88,49
-2	-1	32	16	13	26	-3	13	155,88
-2	2	33	-7	24	29	0	7	137,25
-2	-3	33	4	-1	39	-1	17	410,14
-2	1	33	10	9	34	0	9	43,08
-2	3	33	10	25	30	-1	5	135,49
-2	-2	33	15	11	50	-1	15	132,07
-2	-3	33	15	27	32	-3	17	65,62
-2	-1	34	11	26	51	-1	13	138,04
-2	-4	35	8	-2	43	-2	19	397,14
-2	4	35	12	29	48	0	3	-3,97
-2	-3	36	-12	34	36	1	17	91,76
-2	-2	36	-1	23	23	-3	15	184,25
-2	0	36	6	21	27	1	11	264,02
-2	3	36	10	14	25	-1	5	187,85
-2	1	37	3	11	35	-3	9	86,3
-2	0	38	-11	20	38	-1	11	300,85
-2	1	38	-8	9	49	1	9	79,23
-2	-3	38	-5	11	47	1	17	128,62
-2	4	38	-3	37	48	-3	3	187,68
-2	-2	38	7	1	34	0	15	283,32
-2	-3	38	8	39	25	-1	17	263,49
-2	4	39	-8	-2	26	-2	3	362,1
-2	-4	39	6	13	48	-2	19	167,13
-2	-3	39	15	35	42	0	17	101,68
-2	1	40	3	37	49	-2	9	188,79
-2	-2	41	-12	14	52	-1	15	224,77
-2	2	41	9	6	51	-1	7	104,07
-2	3	42	-9	34	50	-3	5	55,84
-2	-1	42	-7	25	51	1	13	161,85
-2	-2	42	-4	16	32	-3	15	247,99
-2	-5	42	2	29	28	-2	21	-7,99
-2	4	42	7	33	37	1	3	24,01
-2	1	42	15	1	39	-1	9	303,74
-2	-2	43	12	1	49	-2	15	290,16
-2	-1	44	-4	14	47	0	13	165,82
-2	0	45	-5	15	29	0	11	176,01
-2	-1	45	-5	30	53	-2	13	1,79
-2	1	45	10	1	29	-2	9	262,7
-2	0	46	-10	11	37	-1	11	98,55
-2	1	46	-8	27	24	-2	9	5,27
-2	-4	46	-3	21	53	-1	19	295
-2	3	46	12	11	52	-2	5	59,62
-2	-3	47	8	37	41	0	17	167,34
-2	3	47	8	0	32	-2	5	290,4
-2	-2	47	11	9	29	-2	15	30,99
-2	-3	47	12	38	31	1	17	214,27
-2	1	47	15	4	28	1	9	155,37
-2	1	48	-12	6	49	-1	9	94,01
-2	-1	48	-7	23	27	-3	13	178,54
-2	-4	48	8	20	46	-3	19	282,61
-2	-1	48	15	1	47	-1	13	306,38
-2	-4	49	10	20	50	0	19	274,37
-2	-3	50	5	34	31	-1	17	55,66
-2	-1	50	9	3	23	1	13	194,1
-2	2	50	16	35	25	0	7	35,9
-2	-4	51	15	1	32	-2	19	275,2
-2	-3	52	-10	19	36	-3	17	261,74
-2	3	52	-9	2	24	1	5	235,03
-2	2	52	-4	21	36	0	7	201,57
-2	3	52	8	22	42	-1	5	220,06
-2	-3	53	2	25	38	-3	17	114,69
-2	2	53	15	22	32	0	7	177,21
-2	1	55	-6	1	41	1	9	271,23
-2	-2	55	3	23	42	-2	15	177,77
-2	2	55	9	1	27	-3	7	260,41
-2	1	56	-10	28	43	-2	9	-16,18
-2	-5	56	-4	3	28	0	21	169,92
-2	-5	56	1	29	44	-3	21	8,46
-2	4	56	7	14	23	-3	3	130,06
-2	-1	58	-10	10	42	0	13	26,98
-2	2	58	-8	19	32	-3	7	235
-2	3	58	-7	-1	27	-3	5	320,11
-2	-2	58	-1	19	36	-2	15	238,66
-2	4	58	15	7	37	-3	3	23,58
-2	3	59	-7	34	34	-3	5	7,49
-2	0	59	-5	34	23	-1	11	8,1
-2	-1	59	7	26	45	-1	13	89,25
-2	-4	59	11	25	23	-1	19	95,3
-2	1	59	12	3	41	0	9	138,39
-1	-4	13	8	11	34	-2	19	123,37
-1	-4	13	13	21	44	-1	19	329,49
-1	3	14	-9	29	26	-1	5	34,53
-1	2	14	-1	12	25	0	7	117,74
-1	4	14	0	-1	34	0	3	369,67
-1	4	14	4	10	31	-3	3	90,06
-1	-3	14	6	19	53	1	17	349,6
-1	-2	14	7	35	38	1	15	149,74
-1	-1	14	9	15	32	1	13	251,09
-1	0	15	-6	21	39	-1	11	311,76
-1	1	16	-10	-2	40	1	9	424,96
-1	0	16	-2	34	30	-2	11	57,58
-1	-3	16	-1	26	36	-2	17	115,45
-1	2	16	2	0	53	0	7	336,91
-1	3	16	13	9	39	-2	5	77,19
-1	2	17	8	17	36	-3	7	276,96
-1	0	17	9	36	36	-1	11	181,67
-1	4	17	13	18	43	-3	3	293,71
-1	3	18	-10	0	33	-1	5	373,29
-1	4	18	5	0	26	-1	3	370,48
-1	1	18	5	10	26	-3	9	95,56
-1	-2	19	-8	7	25	0	15	82,49
-1	-4	19	-5	13	32	-1	19	210,02
-1	1	19	-2	-1	40	0	9	370,29
-1	-1	20	-12	12	51	0	13	139,95
-1	0	20	-11	29	50	0	11	38,92
-1	-2	20	0	33	40	-3	15	71,54
-1	-1	20	2	0	47	0	13	349,57
-1	4	20	9	3	45	1	3	226,86
-1	0	20	15	18	49	-2	11	299,38
-1	1	20	16	21	39	-3	9	274,73
-1	-3	21	-12	-2	39	1	17	449,36
-1	-5	21	-1	17	27	0	21	275,05
-1	-2	21	2	5	38	-3	15	162,52
-1	-1	22	-9	14	31	-3	13	206,17
-1	1	22	0	33	45	0	9	39,63
-1	2	22	6	18	44	-3	7	296,85
-1	-2	22	6	12	34	0	15	133,11
-1	0	22	8	22	42	1	11	281,15
-1	4	23	-8	26	26	-2	3	74,85
-1	-2	23	-6	7	38	0	15	84,35
-1	-4	23	8	12	44	0	19	146,15
-1	3	23	14	17	43	-3	5	286,99
-1	-3	24	-5	9	35	0	17	73,84
-1	1	24	2	16	53	-2	9	265,42
-1	2	24	13	12	30	1	7	142,66
-1	-5	25	-1	38	48	0	21	265,83
-1	-2	25	1	28	44	-1	15	88,78
-1	-2	25	5	37	26	-3	15	178,17
-1	-3	25	8	2	39	-3	17	287,68
-1	-1	25	9	29	52	0	13	43,26
-1	-4	25	10	36	39	-1	19	193,87
-1	-5	25	12	5	23	0	21	136,33
-1	1	25	14	20	41	-2	9	289,19
-1	2	27	-8	2	50	-2	7	252,38
-1	-2	27	8	32	39	-2	15	39,78
-1	-4	28	1	4	34	-2	19	190,12
-1	-5	28	7	31	36	0	21	17,22
-1	-4	28	9	24	38	-3	19	202,48
-1	1	29	-12	23	25	-2	9	194,59
-1	-3	29	-4	27	24	-2	17	61,26
-1	-4	29	7	1	27	-2	19	318,33
-1	-4	29	8	30	50	0	19	35,01
-1	2	29	15	3	45	-3	7	226,57
-1	2	30	-7	30	27	0	7	-16,27
-1	-1	30	7	6	26	-3	13	114,38
-1	1	31	-7	19	28	-1	9	311,87
-1	4	31	7	20	33	-3	3	280,08
-1	-4	31	11	4	24	0	19	173,45
-1	0	32	6	8	38	-3	11	82,9
-1	-2	33	-11	30	51	-2	15	38,52
-1	-5	33	-1	23	31	1	21	237,56
-1	0	33	1	32	29	1	11	25,51
-1	4	33	6	27	40	-3	3	70,03
-1	-3	33	7	25	39	-1	17	177,82
-1	-3	33	16	0	25	-3	17	364,72
-1	-4	34	-3	24	36	-1	19	208,87
-1	0	34	1	36	32	-3	11	150,85
-1	-4	34	5	21	36	-1	19	313,19
-1	-4	35	-4	4	40	0	19	182,8
-1	2	35	-2	33	47	-3	7	58,8
-1	0	35	3	1	38	-3	11	316,5
-1	-5	35	6	39	30	-1	21	295,2
-1	-5	36	-1	19	30	-3	21	305,78
-1	0	36	9	-1	53	0	11	371,86
-1	2	36	12	23	49	-2	7	216,38
-1	3	36	15	35	33	1	5	112,9
-1	1	37	-12	2	37	-2	9	256,72
-1	2	37	-6	16	51	-1	7	283,75
-1	0	37	11	3	42	-3	11	226,14
-1	1	37	13	12	33	-3	9	129,88
-1	2	38	8	15	29	-1	7	232,33
-1	1	38	10	16	40	-2	9	239,41
-1	1	39	-12	15	38	-2	9	210,73
-1	4	39	-10	13	51	1	3	171,98
-1	0	39	-10	17	51	0	11	270,81
-1	2	40	13	39	51	-2	7	275,62
-1	-5	40	13	15	29	-2	21	223,35
-1	2	41	-7	33	24	1	7	24,07
-1	0	41	5	22	25	0	11	213,93
-1	2	41	6	25	37	-2	7	123,94
-1	4	42	-12	21	35	0	3	239,36
-1	1	42	-8	24	26	-2	9	149,6
-1	-2	42	-8	9	39	-3	15	82,36
-1	-3	42	2	0	27	-1	17	378,76
-1	1	42	5	29	48	-3	9	36,75
-1	-4	42	6	-2	50	-1	19	432,42
-1	-4	42	12	26	42	0	19	106,7
-1	2	43	4	21	23	-2	7	236,12
-1	1	43	10	15	23	-2	9	201,37
-1	3	43	10	37	28	-1	5	181,17
-1	2	43	14	27	44	-1	7	78,54
-1	1	44	9	35	29	1	9	102,29
-1	0	45	-12	29	45	-1	11	55,49
-1	3	45	7	12	53	-1	5	145,39
-1	-5	45	9	18	29	1	21	307,97
-1	-4	45	11	9	23	0	19	59,52
-1	-4	46	-12	2	50	1	19	292,8
-1	4	46	-8	22	29	0	3	203,17
-1	-2	46	-8	16	48	-2	15	258,58
-1	-4	46	-8	25	51	-2	19	165,06
-1	1	46	-5	18	48	0	9	266,14
-1	-3	46	0	3	49	-2	17	224,87
-1	-5	46	0	12	45	-1	21	170,78
-1	3	46	5	10	52	1	5	90,63
-1	1	46	15	21	36	1	9	274,82
-1	1	47	-12	35	25	0	9	63,87
-1	0	47	4	24	27	-3	11	164,69
-1	-3	47	5	25	32	-1	17	162,15
-1	-4	47	6	2	27	1	19	283,37
-1	2	47	10	12	37	-3	7	123,1
-1	3	47	13	0	36	-2	5	327,1
-1	-1	48	-8	3	28	-1	13	237,22
-1	0	48	-6	31	51	-3	11	24,97
-1	4	48	-5	14	48	-1	3	211,99
-1	0	48	10	26	31	-3	11	80,02
-1	-4	49	11	-1	33	-3	19	394,65
-1	-3	49	14	10	31	-1	17	100,85
-1	-4	50	2	-1	53	0	19	375,85
-1	-4	50	12	20	26	-3	19	282,38
-1	3	50	15	30	29	0	5	-34,11
-1	-1	51	0	14	25	-1	13	209,51
-1	4	51	9	34	43	-2	3	43,01
-1	-5	52	-11	1	43	0	21	298,6
-1	3	52	-10	19	49	0	5	270,02
-1	-3	52	-10	23	40	-2	17	204,65
-1	2	52	-1	21	40	-2	7	241,38
-1	4	52	5	23	52	-3	3	194,83
-1	-3	52	7	20	26	-2	17	265,23
-1	1	52	16	28	35	0	9	14,24
-1	-1	53	2	27	30	-3	13	49,83
-1	-5	53	4	26	31	-3	21	98,44
-1	-4	54	0	5	46	-1	19	161,29
-1	-2	54	5	13	47	-1	15	184,53
-1	-4	54	7	2	30	0	19	246,08
-1	4	54	9	19	39	0	3	249,68
-1	-5	54	9	12	52	-1	21	178,23
-1	-1	54	12	-2	37	0	13	368,3
-1	-1	54	13	-1	32	-1	13	388,66
-1	-1	54	16	16	30	-3	13	235,51
-1	-5	55	-12	24	25	-3	21	162,91
-1	3	55	-1	15	23	0	5	175,11
-1	-4	56	-10	22	26	0	19	216,55
-1	-1	56	-2	11	23	0	13	61,98
-1	-5	56	1	6	30	1	21	130,17
-1	-3	56	6	4	46	-2	17	169,14
-1	-5	56	12	8	34	-3	21	77,14
-1	4	57	-12	21	43	1	3	259,15
-1	1	57	-11	-1	36	-3	9	363,44
-1	4	57	14	28	47	1	3	37,93
-1	2	57	16	3	42	-2	7	182,36
-1	-4	59	-12	34	51	-3	19	99,64
-1	0	59	4	-1	41	-1	11	391,25
-1	-3	59	6	35	31	-3	17	88,19
-1	-1	59	11	28	41	0	13	7,88
0	-5	13	-8	15	28	-3	21	254,35
0	-1	13	-2	25	36	-3	13	160,31
0	4	14	-11	17	47	-1	3	304,22
0	2	14	8	-2	50	-1	7	429,03
0	1	14	12	38	34	1	9	254,71
0	3	15	-10	19	29	-3	5	288,53
0	2	15	-1	29	53	-3	7	54,74
0	-3	15	3	39	51	0	17	316,51
0	-4	15	15	7	43	-2	19	112,31
0	-2	16	-11	26	37	-2	15	108,76
0	-4	16	-4	6	50	1	19	162,55
0	-2	16	3	30	37	-1	15	52,4
0	3	16	5	28	35	1	5	61,57
0	0	17	-11	38	46	-1	11	281,34
0	-5	17	-5	20	41	1	21	342,52
0	-5	17	4	6	43	0	21	131,58
0	-4	17	13	37	28	0	19	184,36
0	0	17	14	5	52	1	11	173,29
0	2	18	-10	35	23	-2	7	89,12
0	1	19	4	9	29	-2	9	72,2
0	-2	19	8	-2	29	-3	15	433,46
0	3	19	13	2	25	1	5	295,87
0	-4	19	14	20	53	1	19	356,2
0	0	20	-10	31	47	-1	11	63,61
0	1	21	-11	38	50	-2	9	260,54
0	-2	21	1	16	26	-2	15	259,26
0	-1	22	-7	16	35	-2	13	262,93
0	-2	22	4	30	26	0	15	-4,46
0	-1	22	4	19	48	0	13	307,8
0	-2	22	11	15	41	-2	15	249,61
0	2	22	12	9	36	0	7	73,15
0	2	23	-6	9	52	-3	7	93,81
0	-2	23	16	10	30	-3	15	99,08
0	1	24	-1	9	28	1	9	106,05
0	3	24	0	39	47	-2	5	277,93
0	-5	24	8	28	35	-1	21	86,76
0	1	25	-11	38	34	1	9	255,61
0	-2	25	-9	1	40	1	15	346,5
0	3	25	-5	8	27	-3	5	78,95
0	-2	25	-2	31	49	-3	15	56,11
0	-1	25	6	30	23	-3	13	0,74
0	-1	25	14	29	52	-2	13	50,32
0	-5	26	-1	3	33	-1	21	275,72
0	3	26	3	21	45	0	5	258,19
0	-4	26	4	13	35	0	19	180,41
0	2	26	8	3	51	-1	7	258,35
0	0	26	11	12	35	-3	11	154,83
0	-2	26	15	29	52	1	15	76,12
0	-1	27	14	20	27	1	13	308,34
0	3	28	-7	22	32	-2	5	234,08
0	-1	28	-2	38	45	-1	13	288,14
0	2	28	-1	13	25	1	7	184,55
0	2	29	-7	6	43	1	7	122,01
0	2	29	-3	15	35	0	7	218,94
0	2	29	2	14	41	-3	7	202,38
0	0	29	2	7	41	1	11	111,65
0	0	29	6	4	44	-2	11	186,24
0	1	29	10	11	28	-3	9	113,43
0	4	30	-10	6	29	-1	3	131,23
0	1	30	-9	36	32	-3	9	157,29
0	1	30	-8	6	35	-1	9	143,67
0	2	30	-7	21	34	-2	7	267,57
0	-4	30	8	37	41	0	19	209,03
0	-1	30	9	2	41	0	13	264,27
0	1	30	16	38	33	-1	9	251,62
0	-3	31	-5	27	23	-1	17	97,53
0	1	32	-10	35	25	1	9	114,56
0	1	32	-9	6	44	1	9	137,41
0	-3	32	0	8	51	-2	17	99,83
0	-5	32	5	39	28	1	21	290,19
0	4	32	7	16	38	0	3	236,7
0	1	32	14	36	32	-2	9	146,62
0	2	33	-11	34	27	1	7	84,55
0	-3	33	-10	-2	28	-1	17	448,02
0	-2	33	-7	22	24	0	15	234,68
0	0	34	-10	-1	24	-2	11	388,52
0	0	34	-7	23	33	1	11	238,95
0	-1	34	2	35	51	-3	13	159,94
0	-2	34	13	27	46	-3	15	114,99
0	1	35	-12	37	26	1	9	202,46
0	-2	35	-10	30	36	1	15	48,27
0	3	35	-5	19	41	-1	5	319,22
0	1	35	-3	4	38	1	9	198,51
0	3	35	4	-1	43	1	5	402,49
0	-2	35	9	22	24	-2	15	240,33
0	4	36	0	20	30	1	3	298,88
0	4	36	6	23	42	-1	3	238,39
0	2	36	6	6	47	-2	7	107,72
0	-3	37	1	11	51	-2	17	139,98
0	-4	37	2	0	33	-1	19	404,47
0	0	37	14	12	45	-3	11	152,17
0	-1	38	-7	34	27	-1	13	91,03
0	-5	38	-3	13	51	1	21	230,4
0	3	38	4	38	31	-1	5	247,73
0	-1	38	13	11	33	1	13	143,42
0	-4	39	-5	13	53	-3	19	216,82
0	-5	39	-3	28	43	1	21	92,74
0	3	39	3	10	27	1	5	104,32
0	0	39	7	30	23	-1	11	21,88
0	1	39	8	34	45	0	9	78,38
0	-2	39	11	26	43	-2	15	118,15
0	-4	40	-8	4	50	0	19	198
0	0	40	15	5	52	-2	11	156,07
0	-3	42	-10	1	47	-3	17	349,34
0	3	42	4	4	53	1	5	194,67
0	3	42	14	17	34	1	5	286,09
0	-4	43	-12	31	26	-3	19	16,27
0	-4	43	-11	33	39	-2	19	70,93
0	-5	44	-11	4	42	-3	21	215,7
0	-2	44	-11	6	40	0	15	119,5
0	-1	44	-1	3	48	-2	13	239,51
0	-5	45	2	7	32	0	21	103,65
0	1	45	8	15	24	1	9	238,26
0	-4	46	14	6	40	0	19	118,67
0	4	47	-8	-2	44	1	3	413,86
0	-5	47	-8	6	35	-1	21	169,69
0	1	47	-2	27	40	0	9	71,01
0	0	47	1	31	51	-2	11	32,42
0	4	47	8	31	48	-1	3	43,02
0	0	47	8	4	48	1	11	212,34
0	-2	48	8	28	47	-1	15	91,96
0	-5	50	-6	39	41	-3	21	311,86
0	-5	50	0	30	49	-1	21	87,07
0	4	50	14	12	37	-2	3	120,26
0	2	51	-10	6	39	1	7	128
0	2	51	-9	1	52	-3	7	316,92
0	-1	51	-2	10	48	1	13	127,66
0	2	51	8	16	23	0	7	238,35
0	-1	51	12	38	40	-1	13	280,01
0	3	51	13	14	26	1	5	202,04
0	3	52	3	21	30	-3	5	275,84
0	-4	52	3	33	48	1	19	108,83
0	2	53	-8	24	29	-2	7	166,69
0	-1	53	-1	34	41	-3	13	95,43
0	-3	53	7	11	50	-3	17	141,97
0	-2	54	-11	12	28	-1	15	171,32
0	-4	54	3	27	29	-2	19	74,42
0	4	55	-2	22	49	0	3	235,35
0	1	55	-1	19	31	1	9	312,72
0	0	55	12	35	34	1	11	129,78
0	2	55	14	-1	38	-1	7	413,39
0	-1	56	-11	1	40	1	13	343,49
0	2	56	-7	19	29	-1	7	318,15
0	0	56	-6	13	50	-2	11	186,05
0	2	56	7	6	49	0	7	105,83
0	-4	56	14	35	40	-2	19	130,06
0	3	57	-11	5	32	-2	5	130,65
0	0	57	-4	35	49	0	11	128,03
0	-5	57	1	39	44	0	21	296,2
0	4	58	-6	37	27	-1	3	199,07
0	-2	59	-4	21	44	-1	15	327,3
0	-5	59	7	3	36	1	21	270,83
0	0	59	9	36	35	-2	11	154,29
0	-2	59	9	11	41	1	15	145,02
1	-1	13	-11	22	46	-2	13	264,77
1	1	13	-9	33	29	1	9	55,71
1	0	13	-7	4	28	-1	11	213,95
1	4	13	-1	18	44	-3	3	301,43
1	4	14	9	0	35	-1	3	370,66
1	-5	15	10	9	24	-1	21	113,41
1	-2	15	12	-2	44	-3	15	434,4
1	1	16	-5	10	48	-3	9	115,77
1	3	16	1	-2	38	-3	5	412,98
1	3	16	4	19	31	-3	5	300,94
1	-3	16	7	35	26	-2	17	110,33
1	1	17	-11	13	27	1	9	191,02
1	2	17	6	12	23	-2	7	122,64
1	4	17	7	19	29	1	3	304,68
1	-4	18	-12	27	37	-2	19	85,58
1	-5	18	-1	14	43	-2	21	229,12
1	-1	18	12	26	26	-3	13	112,66
1	-1	20	-4	3	42	-3	13	245,11
1	3	20	16	22	27	1	5	261,39
1	-4	21	-12	37	36	-3	19	237,31
1	1	21	-11	30	51	0	9	28,64
1	-1	21	0	20	29	-3	13	302,26
1	4	21	1	16	50	1	3	275,1
1	1	21	1	2	48	-1	9	304,32
1	2	21	9	17	38	-2	7	276,08
1	-2	22	-5	15	45	-1	15	284,14
1	-1	22	-2	-1	44	-2	13	388,09
1	2	22	1	18	47	-2	7	292,68
1	2	23	-10	6	39	1	7	136,88
1	-3	23	-8	16	50	1	17	318,05
1	0	24	-12	31	49	0	11	34,59
1	-1	24	-2	6	27	-2	13	111,95
1	-4	24	8	28	49	-2	19	89,67
1	0	25	-8	25	49	-3	11	172,2
1	1	25	14	14	44	-2	9	208,3
1	0	26	-12	39	46	0	11	293,68
1	1	26	-8	5	36	0	9	145,36
1	1	26	5	34	31	-1	9	102,67
1	-3	26	12	28	30	0	17	46,69
1	-3	27	-8	37	29	-2	17	195,55
1	-4	27	14	4	33	-1	19	239,2
1	-2	27	15	23	26	1	15	245,22
1	-2	28	-7	34	49	0	15	104,65
1	2	29	-10	22	37	-2	7	250
1	-4	30	15	12	30	1	19	175,63
1	-3	31	-2	39	24	0	17	253,62
1	-3	31	1	7	48	1	17	145,61
1	3	32	2	18	37	0	5	295,79
1	-2	32	12	17	24	-1	15	320,15
1	1	32	13	25	52	-3	9	181,48
1	-1	33	-3	30	30	1	13	43,57
1	1	33	0	28	36	1	9	76,84
1	1	33	11	30	52	-1	9	73,09
1	-4	36	5	39	47	0	19	319,17
1	2	36	7	-1	33	-3	7	407,55
1	-5	37	-11	-2	37	0	21	437,31
1	0	37	-10	2	38	-1	11	324,2
1	-3	37	-6	30	27	0	17	15,4
1	-3	37	4	6	51	-1	17	179,59
1	4	38	-11	2	43	-3	3	276,03
1	4	38	-11	34	44	-3	3	96,22
1	-1	38	-2	19	46	0	13	314,85
1	1	38	14	36	42	-3	9	191,76
1	3	39	-2	15	52	-1	5	276,89
1	-4	39	-1	-1	52	0	19	410,86
1	-2	39	8	11	39	-3	15	145,87
1	0	39	9	25	26	1	11	165
1	3	40	-4	25	29	-3	5	158,1
1	-5	40	10	39	25	-2	21	281,13
1	-1	41	-12	17	36	-3	13	309,04
1	-5	41	-7	28	32	0	21	63,36
1	3	41	-6	23	25	-2	5	214,81
1	3	41	0	7	27	-3	5	112,58
1	-3	41	7	12	45	-1	17	203,89
1	-5	42	12	18	42	1	21	362,8
1	4	43	16	28	45	1	3	88,09
1	3	44	-1	30	53	0	5	29,71
1	1	44	11	39	42	-2	9	299,34
1	1	44	13	9	44	-2	9	95,13
1	2	45	7	19	42	-1	7	354,78
1	-5	45	9	28	40	-2	21	83,16
1	-3	46	-10	9	39	-1	17	147,51
1	-5	46	-9	37	36	1	21	258,74
1	-3	46	11	16	44	-3	17	318,39
1	-5	46	12	10	29	-3	21	129,54
1	3	46	14	38	45	-2	5	256,47
1	-4	47	-11	-1	35	-2	19	425,19
1	-4	47	1	6	26	1	19	177,59
1	1	47	2	35	52	-1	9	170,02
1	0	48	-1	21	44	1	11	323,92
1	-5	48	2	13	45	-3	21	235,82
1	-1	49	-3	30	27	-1	13	57,63
1	-2	49	-3	3	52	1	15	288,49
1	-3	49	-2	9	28	-1	17	141,07
1	-1	49	-1	14	25	1	13	243,47
1	-1	49	9	10	28	1	13	143,15
1	2	50	-4	4	45	-2	7	201,57
1	3	50	15	10	37	1	5	132,59
1	-1	51	9	17	39	0	13	301,41
1	2	51	11	2	28	-3	7	300,6
1	-4	51	13	0	45	0	19	390,57
1	3	51	13	15	43	-3	5	261,65
1	4	52	-3	20	29	-1	3	328,77
1	-1	53	-7	21	31	-3	13	320,15
1	4	53	-7	37	45	0	3	209,69
1	3	53	1	-2	53	-2	5	418,95
1	-2	53	7	-2	24	-1	15	471,58
1	4	53	8	34	29	-2	3	85,8
1	1	53	13	13	37	-2	9	196,97
1	-5	53	15	-1	52	0	21	436,57
1	-4	53	16	8	32	-2	19	117,76
1	-5	55	-11	4	52	-2	21	247,02
1	-2	55	-8	-2	47	-2	15	445,98
1	4	55	0	35	31	0	3	111,12
1	-4	55	6	35	33	-1	19	186,5
1	-2	55	9	24	42	-3	15	238,84
1	-5	57	-3	6	41	-3	21	173,77
1	4	57	6	38	50	-1	3	299,55
1	2	57	15	27	50	-3	7	128,75
1	-3	58	-9	9	46	-2	17	132,63
1	-3	58	0	1	47	0	17	359,97
1	-2	58	5	23	32	-1	15	288,92
1	4	58	13	19	52	0	3	321,01
1	3	58	16	27	39	-2	5	100,33
1	-5	59	-8	21	33	1	21	344,24
1	4	59	-5	39	40	-3	3	309,34
1	4	59	0	27	23	-1	3	112,67
2	-2	13	-6	21	26	-3	15	286,72
2	1	14	-7	27	42	1	9	105,52
2	4	14	-2	16	41	-1	3	283,3
2	3	15	-4	31	47	-2	5	25,54
2	-3	15	-4	30	27	-1	17	56,13
2	1	15	-2	0	44	-1	9	380,46
2	-1	15	-1	-2	42	0	13	400,38
2	1	15	6	13	41	-1	9	201,26
2	1	16	-5	22	40	-2	9	253,65
2	0	16	1	1	51	-3	11	329,06
2	4	16	7	2	41	-1	3	291,04
2	0	16	7	2	24	-1	11	302,31
2	-1	16	11	36	25	-3	13	154,39
2	-5	16	16	32	33	-3	21	60,95
2	2	17	-10	29	39	0	7	16,88
2	-1	18	-2	33	23	0	13	33,16
2	2	19	-9	36	31	-1	7	171,02
2	-1	19	-3	35	29	-1	13	141,6
2	-5	20	-7	15	46	-1	21	296,81
2	1	20	9	28	43	0	9	48,51
2	4	20	15	38	48	1	3	272,49
2	-4	21	-8	1	34	0	19	323,01
2	0	21	16	31	45	-3	11	55,57
2	4	21	16	2	23	1	3	284,78
2	-2	22	-11	19	30	1	15	325,28
2	-4	22	-6	4	40	0	19	201,68
2	-3	23	-6	18	39	0	17	315,79
2	4	23	-2	-2	50	1	3	419,74
2	2	23	2	35	41	-3	7	137,14
2	-3	23	2	35	23	-2	17	109,88
2	1	23	4	33	27	0	9	32,06
2	3	24	-10	-1	42	-3	5	395,59
2	0	24	-9	21	50	-2	11	306,5
2	-4	25	-7	19	49	-2	19	342,63
2	3	25	-4	4	53	-2	5	174,79
2	2	25	-3	35	41	-2	7	117,74
2	1	25	-1	27	23	-3	9	75,47
2	4	25	5	3	23	0	3	220,29
2	0	25	15	15	29	-3	11	250,87
2	-4	26	-9	39	34	0	19	286,24
2	4	26	-1	8	36	-1	3	104,1
2	3	26	4	19	51	-1	5	343,36
2	4	26	9	33	48	1	3	84,19
2	4	26	9	8	45	0	3	64,47
2	-1	27	-10	-2	42	-3	13	440,97
2	0	27	-7	0	27	-2	11	369,87
2	-2	27	8	5	49	1	15	196,36
2	2	27	12	38	53	0	7	268,16
2	-2	27	15	22	25	-3	15	270,88
2	1	28	10	-1	51	0	9	386,37
2	-2	28	10	2	29	0	15	282,12
2	-4	28	13	29	39	1	19	90,09
2	4	29	-3	15	49	1	3	265,94
2	-4	29	13	31	45	-1	19	94,41
2	-4	30	-5	33	43	-3	19	114,18
2	-2	30	1	7	33	-2	15	112,99
2	1	30	12	18	43	-2	9	310,11
2	-5	30	15	1	38	-1	21	381,08
2	0	31	-8	-2	52	-1	11	456,02
2	-3	31	-7	11	46	-2	17	149,82
2	0	31	-6	14	49	0	11	227,7
2	1	31	10	-2	37	-1	9	454,23
2	3	31	15	12	37	0	5	139,94
2	-4	32	-10	20	34	0	19	315,26
2	-2	32	-7	8	48	0	15	108,64
2	-4	32	-4	31	40	-1	19	87,81
2	1	32	-2	13	48	0	9	186,3
2	0	32	15	25	23	-3	11	160,5
2	3	33	-9	25	37	-1	5	193,29
2	1	33	-2	32	47	0	9	47,12
2	-1	33	3	37	32	0	13	207,76
2	2	33	8	15	43	-2	7	249,12
2	1	33	15	2	49	0	9	283,04
2	-4	34	-11	0	41	-2	19	390,95
2	0	34	-4	4	25	-2	11	211,8
2	0	34	13	-1	30	0	11	405,02
2	-2	35	-12	14	36	-2	15	230,83
2	3	35	3	27	51	-1	5	138,82
2	3	35	12	13	53	-3	5	198,43
2	-1	36	-12	15	41	0	13	257,27
2	3	36	-11	38	47	0	5	260,05
2	3	36	-9	27	25	-3	5	90,61
2	2	36	-1	35	27	-2	7	118,94
2	3	36	8	30	25	0	5	6,06
2	1	36	14	13	30	1	9	205,39
2	-1	37	14	17	47	0	13	323,41
2	-2	37	14	32	47	-1	15	112,72
2	0	38	-10	6	51	-3	11	157,26
2	0	38	-2	30	32	-1	11	68,96
2	2	38	-1	6	38	-1	7	164,59
2	-2	38	8	8	53	-1	15	156,52
2	-1	38	10	36	26	1	13	193,04
2	-4	39	-9	8	39	1	19	148,83
2	1	39	1	5	32	-2	9	168,19
2	-5	40	-6	32	36	-1	21	108,04
2	-5	40	2	32	39	0	21	77,27
2	-1	40	3	33	26	1	13	92,46
2	2	40	10	36	45	-2	7	190,35
2	-3	41	-11	-2	41	-2	17	447,57
2	1	41	-8	20	29	-3	9	325,52
2	1	41	-8	16	38	-3	9	302,43
2	0	43	-1	16	28	-2	11	289,99
2	-3	43	-1	13	33	0	17	203,44
2	0	43	0	5	35	-3	11	191,59
2	0	43	8	-2	34	1	11	463,01
2	0	43	12	9	36	1	11	139,26
2	-5	44	-3	-2	45	-3	21	477,72
2	-1	44	4	30	40	0	13	59,81
2	-1	44	10	8	44	-3	13	141,48
2	-1	44	12	4	40	-2	13	220,5
2	-2	45	-10	29	27	0	15	56,94
2	0	45	-6	6	44	-2	11	158,08
2	-4	45	8	31	47	0	19	84,8
2	-5	45	11	15	46	0	21	298,31
2	-4	46	7	21	39	-1	19	365,68
2	-5	46	14	4	44	0	21	236,03
2	3	47	-4	10	45	-2	5	126,6
2	2	47	-2	32	44	-1	7	106,12
2	-5	47	8	14	36	-3	21	272,23
2	-4	47	8	23	27	-1	19	293,14
2	0	48	-7	5	52	-1	11	221,81
2	-3	49	-5	0	47	-1	17	445,56
2	1	49	-4	2	35	-3	9	324,29
2	0	49	8	20	49	-3	11	360,76
2	1	49	13	11	39	-2	9	161,2
2	4	50	-6	35	46	1	3	184,34
2	-4	50	-4	38	33	-2	19	289,54
2	-5	50	9	6	51	0	21	184,44
2	0	50	14	5	39	0	11	178,61
2	2	51	16	7	33	-2	7	138,38
2	-4	52	4	1	43	-3	19	392,24
2	-2	53	-12	12	37	-2	15	204,59
2	4	53	-3	1	27	-1	3	389,21
2	-3	54	-9	15	41	-2	17	307,79
2	-5	54	-1	21	45	1	21	392
2	1	55	3	33	26	-2	9	84,9
2	-1	56	6	30	42	1	13	118,56
2	1	56	7	20	47	1	9	383,85
2	-3	56	9	36	48	-1	17	279,55
2	0	56	12	38	41	-2	11	310,93
2	0	57	9	32	24	-2	11	74,51
2	-1	57	13	33	28	0	13	87,28
2	4	57	16	31	27	0	3	48,67
2	-5	58	-12	11	30	1	21	205,7
2	2	58	-10	29	37	-2	7	84,39
2	-1	58	1	9	45	0	13	151,36
2	-5	58	5	19	36	0	21	374,56
2	-3	59	-5	0	53	0	17	431,76
2	3	59	-1	30	44	-1	5	111,49
2	2	59	2	7	46	1	7	185,47
2	0	59	13	31	30	-3	11	83,59
3	1	13	-5	35	50	0	9	132,22
3	0	13	-5	27	30	-3	11	84,91
3	-5	13	9	15	37	1	21	281,61
3	-5	13	9	25	41	1	21	207,3
3	4	13	16	24	45	-1	3	213,25
3	0	14	-10	27	47	1	11	122,05
3	-3	14	-7	8	37	-1	17	126,86
3	-4	14	-5	29	49	0	19	63,25
3	3	14	-1	25	43	-2	5	149,34
3	4	14	3	10	44	1	3	106,68
3	-3	14	11	4	43	-1	17	223,6
3	3	15	-3	27	49	1	5	108,83
3	0	15	1	27	53	-3	11	124,35
3	-4	15	1	17	49	-2	19	319,69
3	2	15	8	23	46	-1	7	255,35
3	4	15	13	8	31	-2	3	70,92
3	-1	16	-11	16	43	1	13	301,97
3	-4	16	-8	29	44	1	19	88,34
3	-5	16	-3	20	44	1	21	364,04
3	4	16	5	34	38	-3	3	95,39
3	-3	17	-3	26	44	0	17	133,52
3	1	17	3	29	24	-2	9	18,12
3	-5	18	-11	29	29	-1	21	63,87
3	-2	18	-7	25	34	1	15	190,4
3	1	18	-2	-2	50	-1	9	431,3
3	-5	18	4	30	35	-2	21	48,58
3	-4	18	5	27	44	-1	19	146,98
3	-4	19	-6	33	42	-3	19	98,46
3	4	19	5	11	42	1	3	122,85
3	4	20	-12	10	43	-3	3	95,02
3	3	20	-9	22	40	0	5	259,72
3	0	20	-6	34	36	-2	11	95,41
3	1	20	10	10	50	0	9	93,87
3	-2	20	12	27	37	0	15	85,08
3	3	21	-12	8	46	-2	5	81,03
3	1	21	-1	29	32	-1	9	63,79
3	3	21	13	37	42	-2	5	204,62
3	1	21	14	24	38	-3	9	206,69
3	2	22	-6	8	38	-2	7	87,06
3	-5	22	-5	12	28	-1	21	183,59
3	-4	22	3	8	24	-3	19	110,75
3	-3	22	8	28	39	-2	17	74,14
3	-4	22	16	20	24	-1	19	336,96
3	-1	24	-9	0	36	0	13	355,7
3	2	24	8	22	28	-3	7	265,78
3	3	25	-7	-2	43	0	5	389,4
3	-1	25	-1	17	31	1	13	319,75
3	-4	25	12	25	25	-1	19	201,68
3	-4	26	3	0	46	0	19	372,92
3	0	26	13	31	28	-1	11	48,19
3	3	27	-5	7	49	1	5	116,74
3	-1	27	-2	7	30	-1	13	144,05
3	-3	27	-1	1	46	1	17	364,06
3	-1	28	-3	25	30	1	13	183,48
3	-5	29	2	0	27	-2	21	381,97
3	1	30	-12	27	27	1	9	110,35
3	3	30	-9	12	29	-1	5	182,72
3	-4	30	3	3	38	0	19	261,85
3	3	30	6	14	33	-3	5	223,7
3	3	30	8	32	52	-2	5	68,85
3	-4	31	-8	14	31	-1	19	268,9
3	-5	31	-4	25	34	1	21	217,03
3	2	31	-1	-2	36	-3	7	432,54
3	3	31	11	36	50	-2	5	192,8
3	0	31	11	3	45	-3	11	248,02
3	0	31	13	39	52	-3	11	342,76
3	2	31	16	36	49	0	7	189,92
3	0	33	-5	28	24	-2	11	61,49
3	1	33	-3	26	53	1	9	180,94
3	-2	34	-11	25	42	-3	15	213,38
3	2	34	-5	1	41	1	7	350,13
3	0	34	10	-1	50	0	11	394,81
3	-2	34	11	17	27	-1	15	346,76
3	4	35	-7	2	30	1	3	305,61
3	0	35	16	8	52	-2	11	121,67
3	-4	35	16	21	43	-3	19	350,67
3	3	36	-11	28	34	-2	5	75,06
3	3	36	-3	21	48	-1	5	346,75
3	-3	36	9	8	37	-3	17	133,36
3	3	37	-10	2	43	1	5	313,57
3	-5	37	3	4	31	0	21	217,1
3	1	38	-8	6	45	-1	9	174,64
3	4	38	-2	6	26	1	3	164,77
3	-3	38	2	8	44	-2	17	134,51
3	4	39	-6	-1	28	-2	3	412,52
3	-5	39	9	12	26	-1	21	219,33
3	4	39	14	0	30	0	3	366,92
3	3	40	-12	6	24	-3	5	152,29
3	-3	40	2	1	41	-1	17	390,32
3	3	40	12	37	50	-2	5	258,66
3	-4	41	1	12	51	0	19	203,5
3	1	41	4	26	35	-1	9	181,68
3	3	41	11	13	38	-1	5	236,85
3	0	42	0	28	46	-3	11	130,05
3	4	42	11	21	26	0	3	303,15
3	4	42	14	33	46	-3	3	113,91
3	1	42	15	34	26	-3	9	122,03
3	2	43	-12	12	46	1	7	209,5
3	-1	43	-7	2	43	1	13	344,01
3	2	43	3	7	35	-2	7	131,4
3	-4	43	10	16	39	-3	19	347,06
3	3	44	-6	26	40	-3	5	165,32
3	-2	44	11	16	48	-1	15	376,29
3	-1	45	13	34	38	-1	13	178,7
3	0	46	-7	38	49	0	11	321,13
3	-1	46	-3	1	44	-1	13	403,43
3	1	46	-2	6	52	-2	9	171,44
3	-5	46	11	29	28	1	21	110,57
3	3	47	-2	3	44	-1	5	298,4
3	1	47	-1	16	52	1	9	357,6
3	-2	47	1	36	51	1	15	282,49
3	-5	47	1	2	23	-1	21	371,12
3	-4	47	2	0	49	0	19	417,31
3	-3	47	3	23	50	1	17	340,92
3	-2	48	-9	3	34	-3	15	300,2
3	-4	48	-5	7	26	-2	19	164,45
3	1	48	1	31	50	-2	9	97,73
3	-3	48	8	12	50	-1	17	258,55
3	-3	49	-7	7	32	-1	17	199,82
3	-3	49	0	39	52	0	17	382,83
3	4	49	2	8	48	0	3	132,1
3	2	49	11	6	39	1	7	193,81
3	1	49	12	31	35	-2	9	79,21
3	0	50	7	38	50	0	11	327,16
3	3	50	9	31	31	-2	5	78,83
3	-2	50	10	30	44	-2	15	114,82
3	3	50	11	32	23	-1	5	107,74
3	-2	50	16	11	35	-2	15	188,23
3	-4	51	-10	3	52	0	19	311,86
3	1	51	0	12	49	-2	9	218,16
3	0	52	-12	2	34	-2	11	347,96
3	-4	52	3	1	28	-3	19	411,5
3	-4	53	-8	2	42	-3	19	378,93
3	-5	53	-5	-1	48	-3	21	492,98
3	2	53	-4	27	49	1	7	183,58
3	4	53	14	36	47	-2	3	242,87
3	-1	54	-7	8	41	-2	13	176,52
3	1	54	-5	0	30	-2	9	432,78
3	2	54	-2	16	41	-3	7	353,94
3	-4	54	6	6	37	-3	19	224,39
3	-1	54	13	37	25	-3	13	276,5
3	2	55	-9	24	41	1	7	289,7
3	3	55	8	0	52	1	5	444,25
3	1	55	11	4	43	-1	9	288,3
3	-3	56	14	36	45	-1	17	307,12
3	-4	57	-9	26	26	0	19	192,93
3	-5	57	-5	9	50	0	21	194,46
3	0	57	13	26	47	0	11	208,15
3	4	58	-10	13	36	-3	3	274,84
3	4	58	-10	26	32	-1	3	219,47
3	-4	58	-7	12	30	0	19	238,78
3	0	58	0	35	47	-1	11	264,35
3	2	58	7	17	47	1	7	407,62
3	2	59	0	0	47	-1	7	468,57
3	0	59	4	31	30	1	11	139,41
3	-2	59	6	2	43	0	15	365,33
3	-1	59	16	4	47	-2	13	282,13
4	-3	13	-8	2	27	0	17	263,24
4	0	13	0	20	28	-1	11	331,38
4	3	13	10	21	46	-3	5	294,54
4	2	14	-7	22	31	-3	7	261,76
4	-1	14	-6	12	41	-3	13	165,33
4	1	15	-11	10	40	1	9	120,26
4	4	15	-11	23	29	-3	3	227,99
4	3	15	3	1	33	-2	5	287,76
4	0	16	-8	24	35	-2	11	190,53
4	-2	16	-2	21	41	1	15	324,68
4	4	16	-1	6	34	-3	3	113,7
4	-3	16	6	3	32	1	17	246,9
4	-1	17	-9	15	46	-3	13	263,51
4	-4	17	-1	12	33	0	19	153,16
4	3	17	1	2	27	1	5	275,38
4	-2	17	1	34	25	1	15	105,65
4	-5	17	6	17	49	-2	21	337,34
4	-2	17	8	29	29	1	15	57,7
4	-3	18	2	37	26	-2	17	206,59
4	-4	18	14	38	28	-2	19	244,04
4	-5	19	-11	39	50	-1	21	378,95
4	2	19	-6	11	46	-1	7	145,59
4	4	20	-7	11	50	0	3	104,13
4	3	20	16	5	47	0	5	131,59
4	-3	21	-4	28	35	1	17	94,6
4	0	21	-1	23	46	-2	11	253,66
4	3	22	3	33	46	-3	5	90,04
4	1	23	-3	28	34	-3	9	79,63
4	3	23	12	16	35	-2	5	275,55
4	3	23	16	35	41	0	5	126,27
4	1	24	-7	22	30	0	9	255,38
4	2	24	-3	-1	28	-1	7	413,83
4	-4	25	-6	9	33	0	19	99,67
4	1	25	-1	4	52	-2	9	187,4
4	-3	25	1	16	38	-1	17	329,47
4	0	25	4	37	49	1	11	270,86
4	4	26	-3	8	32	-3	3	103,73
4	0	26	0	28	37	1	11	105,51
4	1	26	5	26	49	-3	9	160,38
4	-3	26	10	0	35	1	17	397,87
4	3	27	-9	5	23	1	5	169,51
4	-3	27	-4	32	50	-2	17	98,17
4	-5	27	-2	23	25	0	21	249,15
4	-3	27	0	35	26	-2	17	141,32
4	4	28	-12	35	45	0	3	142,58
4	3	28	-11	19	42	-2	5	320,98
4	3	28	0	15	44	-1	5	283,13
4	-3	28	4	9	40	-1	17	149,64
4	3	28	9	19	45	0	5	323,63
4	3	29	0	37	50	-1	5	274,75
4	-5	29	10	30	25	-2	21	55,66
4	1	29	11	10	48	1	9	140,23
4	-5	29	13	30	27	0	21	42,1
4	4	30	-10	5	41	0	3	141,51
4	-2	30	1	13	53	-1	15	255,83
4	3	30	12	24	46	0	5	214,19
4	3	31	-8	25	48	1	5	207,02
4	-3	31	-8	32	28	1	17	89,5
4	-4	31	-6	9	41	-3	19	145,79
4	2	31	4	8	36	-1	7	134,29
4	1	31	6	25	43	-3	9	211,19
4	3	31	9	9	30	-1	5	129,2
4	2	32	11	15	44	1	7	291,83
4	-2	32	16	17	45	-3	15	358,36
4	-3	33	-7	0	48	0	17	384,62
4	-2	33	-6	1	25	-1	15	372,31
4	2	33	0	1	24	-1	7	366,83
4	-2	33	1	24	27	-2	15	228,63
4	3	33	12	10	46	1	5	141,13
4	-3	33	16	14	26	0	17	238
4	3	34	-3	18	37	0	5	325,6
4	3	34	3	5	44	0	5	162,57
4	-1	34	9	38	23	-1	13	294,69
4	4	34	15	23	52	-3	3	279,21
4	-4	35	-9	30	43	-2	19	89,44
4	-3	35	-3	31	39	-1	17	111,31
4	-4	35	-1	6	28	-3	19	164,64
4	1	35	1	28	36	-1	9	121,95
4	-5	35	10	12	48	-3	21	224,46
4	-5	36	-7	32	42	-1	21	141,29
4	4	36	2	-1	34	-3	3	413,05
4	-4	36	3	17	31	1	19	364,57
4	-2	36	6	4	23	-1	15	245,75
4	-5	38	5	29	38	-1	21	137,25
4	-5	38	14	37	53	-3	21	321,42
4	1	38	15	10	42	-1	9	181,25
4	-2	39	-10	-2	50	-2	15	455,39
4	-2	39	-5	26	45	-1	15	215,5
4	-2	39	8	15	35	0	15	295,9
4	0	40	-9	39	44	0	11	346,71
4	2	40	-7	7	37	-2	7	139,25
4	-2	40	-3	25	25	-3	15	217,58
4	-3	40	1	20	49	-2	17	389,26
4	1	40	4	12	28	-1	9	232,6
4	-3	41	-9	26	24	-1	17	200,24
4	4	41	2	6	27	-3	3	158,18
4	1	41	12	9	48	-3	9	153,61
4	0	42	-6	30	41	-3	11	99,61
4	1	42	0	13	50	-1	9	277,63
4	-5	42	9	6	39	-2	21	186,25
4	4	42	12	10	37	-1	3	169,16
4	3	43	1	0	45	1	5	414,57
4	2	43	2	19	44	1	7	397,18
4	-5	43	15	31	49	0	21	127,66
4	-2	44	-5	28	49	-3	15	165,87
4	2	44	6	34	37	0	7	141,9
4	-5	44	14	38	43	0	21	348,78
4	1	45	-3	0	49	-3	9	420,5
4	-2	45	-1	27	24	-1	15	180
4	-3	45	2	28	41	0	17	141,38
4	3	45	5	27	31	-3	5	154,26
4	-5	45	8	30	49	-3	21	155,51
4	-3	45	16	25	34	-2	17	242,16
4	1	46	-2	23	30	-2	9	298,21
4	-5	46	0	28	31	0	21	133,37
4	-4	47	-11	14	42	0	19	302,32
4	-4	48	2	8	34	1	19	204,6
4	-5	48	9	33	38	-1	21	193,52
4	-2	49	-9	14	28	0	15	287,56
4	-1	49	9	13	30	-3	13	276,11
4	4	49	10	9	53	-2	3	155,69
4	-4	50	-9	14	47	-3	19	344,07
4	0	50	-9	32	36	1	11	156,63
4	-3	50	-8	34	37	1	17	214,74
4	1	50	-3	9	24	-1	9	198,28
4	-3	50	2	33	34	-1	17	199,48
4	3	51	-6	1	48	-2	5	384,95
4	1	53	-10	25	25	1	9	263,04
4	-5	53	-9	25	52	-3	21	317,64
4	3	53	7	2	25	1	5	381,72
4	3	53	11	20	30	0	5	386,07
4	-3	54	-5	9	50	0	17	203,33
4	-1	54	-3	27	38	-1	13	232,86
4	-3	54	14	39	47	1	17	448,1
4	0	55	-2	22	50	-3	11	408,88
4	0	55	-2	0	27	-3	11	468,17
4	2	56	-12	8	33	1	7	213,94
4	2	56	-1	22	51	-3	7	401,71
4	3	56	11	20	38	1	5	429,05
4	-1	57	4	7	37	0	13	209,69
4	1	57	14	19	43	-2	9	433,71
4	4	58	-12	31	36	0	3	129,53
4	4	58	0	3	40	1	3	356,26
4	-1	59	-12	24	48	1	13	363,66
4	0	59	16	25	29	-1	11	309,48
5	3	13	3	7	26	0	5	64,86
5	-1	13	9	5	28	-3	13	135,75
5	3	14	-8	11	51	-1	5	141,13
5	-4	14	-1	30	33	-1	19	69,6
5	2	14	0	23	38	-1	7	260,1
5	-1	14	4	13	45	-2	13	183,08
5	-2	14	15	37	52	1	15	272,07
5	1	15	3	6	35	-2	9	100,99
5	2	15	12	12	41	-1	7	168,72
5	4	15	13	31	47	-1	3	69,62
5	4	15	13	26	32	1	3	129,42
5	0	15	14	29	35	0	11	34,36
5	1	15	14	16	31	-2	9	274,28
5	4	15	16	34	53	1	3	127,39
5	4	15	16	12	24	-2	3	129,7
5	-3	16	-10	33	37	-2	17	80,65
5	-1	16	-6	26	38	-2	13	133,86
5	0	16	1	24	52	0	11	218,11
5	-1	18	-11	16	39	-3	13	305,47
5	-2	18	1	1	44	1	15	325,52
5	-1	18	2	37	53	-1	13	283,75
5	4	19	-9	38	25	-2	3	227,28
5	0	19	12	39	24	-3	11	285,54
5	-2	19	14	11	39	-3	15	142,23
5	-3	20	-8	13	37	1	17	224,48
5	-4	20	-3	38	50	1	19	337,99
5	1	20	-2	3	46	0	9	205,74
5	-3	20	14	3	37	-3	17	235,01
5	-1	21	-10	27	23	0	13	76,01
5	-2	21	3	33	53	1	15	134,72
5	-1	22	-5	30	29	-3	13	45,27
5	0	22	2	-1	36	0	11	372,59
5	-1	23	-2	4	51	-3	13	208,32
5	-5	23	8	0	41	1	21	388,15
5	-5	23	14	27	25	1	21	130,56
5	-3	24	-6	2	27	1	17	299,39
5	-5	25	-9	35	34	1	21	189,82
5	2	25	-2	28	30	-3	7	81,63
5	3	26	-5	1	33	-3	5	315,99
5	-5	26	-3	9	30	-2	21	113,63
5	-3	26	1	9	26	-1	17	135,99
5	0	26	16	9	26	-1	11	128,82
5	-3	27	4	9	51	0	17	114,73
5	-4	28	-5	34	53	1	19	197,14
5	-4	28	16	36	26	-1	19	221,87
5	-2	29	-9	6	47	-2	15	146,42
5	4	29	-8	11	29	-1	3	169,88
5	3	29	-7	21	49	-3	5	333,93
5	4	29	-6	10	27	-1	3	143,38
5	4	29	7	4	39	1	3	213,6
5	3	29	11	36	28	0	5	173,85
5	-2	30	-10	18	37	0	15	355,18
5	0	30	-6	35	44	1	11	200,05
5	1	30	-4	18	33	-1	9	362,97
5	4	30	8	18	47	-2	3	328,01
5	-4	31	-9	11	46	-1	19	210,16
5	2	31	16	9	49	1	7	132,62
5	-3	32	-12	30	40	-2	17	90,32
5	3	32	-8	5	27	-3	5	164,32
5	1	32	-1	22	34	-3	9	305,82
5	-4	32	3	10	45	1	19	174,69
5	2	32	7	23	52	1	7	308,43
5	-5	32	13	22	51	-1	21	376,23
5	3	32	14	13	47	1	5	235,98
5	1	32	16	-2	43	-2	9	421,96
5	2	32	16	9	32	1	7	141,57
5	-4	33	-1	32	49	1	19	154,07
5	1	33	0	23	30	0	9	259,78
5	0	33	4	21	44	1	11	372,56
5	3	33	6	6	43	0	5	126,25
5	0	34	-10	9	27	-3	11	133,15
5	-4	34	-9	14	33	-3	19	280,46
5	-3	34	5	7	50	0	17	145,09
5	-5	34	5	20	49	1	21	414,1
5	0	35	-3	3	26	0	11	253,29
5	0	35	2	33	23	-1	11	132,4
5	0	36	-3	28	27	0	11	98,35
5	2	36	-2	1	50	-2	7	333,1
5	-4	36	-1	26	35	-1	19	218,75
5	0	36	-1	36	28	-3	11	226,82
5	-5	37	-2	6	41	-3	21	190,49
5	4	37	0	2	44	-3	3	298,98
5	0	37	7	-2	42	-2	11	432,92
5	1	37	8	22	36	0	9	315,73
5	0	37	9	17	52	1	11	400,27
5	4	37	10	0	39	-3	3	392,74
5	-2	38	-7	14	52	-1	15	327,55
5	1	38	3	9	42	-2	9	143,48
5	2	38	11	17	48	-3	7	373,59
5	1	39	-5	2	38	-2	9	305,82
5	-1	39	-3	38	42	-2	13	340,82
5	0	39	12	2	45	-3	11	326,39
5	2	40	-11	29	38	0	7	100,38
5	3	40	-2	22	32	0	5	318,12
5	0	40	-2	3	28	1	11	294,67
5	3	40	13	20	31	-3	5	371,33
5	4	41	13	10	35	-3	3	163,84
5	0	42	-7	19	38	-3	11	401,94
5	-3	42	2	21	49	-3	17	406,29
5	0	42	8	30	41	-2	11	116,02
5	2	42	9	37	49	-2	7	301,68
5	-1	42	11	5	48	1	13	238,27
5	-3	42	12	-1	42	-2	17	456,37
5	4	42	14	1	30	-1	3	392,84
5	2	43	-6	32	31	0	7	102,88
5	4	43	-3	5	44	-3	3	212,88
5	-4	43	-1	37	51	0	19	336,16
5	2	43	3	0	47	-1	7	436,64
5	1	43	15	15	29	-2	9	320,69
5	0	44	-10	18	36	1	11	417,75
5	1	44	1	0	28	-2	9	421,18
5	4	44	13	20	52	-2	3	391,89
5	-3	45	-6	28	49	1	17	216,4
5	-1	45	4	13	39	-2	13	273,47
5	4	45	4	4	43	0	3	236,63
5	-1	45	6	14	38	1	13	330,37
5	-4	45	6	4	24	0	19	248,44
5	4	46	-11	24	40	1	3	305,63
5	-5	46	8	35	51	-2	21	275,85
5	-2	47	-3	13	23	0	15	263,85
5	-1	47	10	22	53	0	13	379,78
5	3	49	-8	25	50	-2	5	272,15
5	3	49	-1	-2	42	1	5	503,8
5	-1	49	9	35	47	-3	13	279,41
5	2	49	15	8	44	-1	7	210,66
5	2	49	16	19	48	1	7	444,64
5	-4	50	-4	16	50	1	19	452,63
5	2	50	6	24	25	0	7	286,18
5	-1	50	12	11	32	-1	13	262,63
5	-3	51	4	-2	29	-1	17	546,85
5	-3	51	8	28	33	0	17	180,79
5	-3	52	10	27	30	0	17	207,78
5	-2	52	12	-2	50	1	15	540,94
5	4	53	-2	7	29	-1	3	230,4
5	-1	53	13	32	42	0	13	180,85
5	4	53	15	31	44	0	3	144,33
5	4	54	5	38	36	0	3	370,07
5	-4	54	8	36	49	-3	19	364,92
5	2	54	16	20	23	-3	7	444,67
5	-1	55	-10	18	47	-1	13	497,58
5	2	55	11	7	28	1	7	248,54
5	1	56	0	12	33	1	9	309,02
5	-5	56	1	35	38	0	21	293,49
5	4	56	5	36	36	0	3	296,22
5	-5	56	7	7	48	-1	21	286,33
5	-3	56	9	24	36	-1	17	392,92
5	3	56	14	36	34	0	5	294,36
5	-4	56	14	38	35	-3	19	428,64
5	-3	57	16	13	24	1	17	353,47
5	-5	58	-1	29	39	1	21	247,66
5	-4	58	9	14	42	1	19	413,78
5	4	58	9	21	48	-3	3	450,15
5	-4	58	9	17	38	-3	19	479,11
5	0	58	11	10	52	0	11	253,53
5	-3	59	-12	39	52	1	17	523,4
5	1	59	1	33	43	-2	9	242,76
6	3	13	5	27	51	-3	5	107,74
6	2	13	9	36	26	0	7	145,87
6	1	14	-11	9	31	-1	9	107,33
6	-1	14	3	36	39	-2	13	188,85
6	-5	14	5	24	40	-1	21	254,75
6	-5	15	-4	11	35	0	21	126,55
6	4	15	4	0	42	-3	3	320,97
6	4	15	10	21	25	-2	3	282,22
6	-4	16	-11	16	43	1	19	330,78
6	4	16	-9	14	44	1	3	234,41
6	2	16	-7	35	53	-2	7	158,25
6	-1	16	3	9	28	1	13	111,36
6	-1	16	13	12	36	1	13	173,77
6	-3	17	-12	35	32	-1	17	167,78
6	2	17	-2	19	37	1	7	336,28
6	-1	18	-10	34	49	0	13	128,91
6	-2	18	-6	18	50	-3	15	360,76
6	-2	18	4	1	26	-1	15	318,98
6	0	18	7	5	44	-2	11	125,21
6	-2	18	8	21	25	0	15	286,64
6	2	19	-8	23	39	-2	7	248,28
6	4	19	-4	2	47	-2	3	226,55
6	4	19	0	34	48	0	3	104,68
6	-2	19	2	35	51	1	15	208,36
6	-1	19	13	17	39	-2	13	318,77
6	-4	19	15	3	32	-1	19	252,67
6	0	20	-6	22	48	-3	11	316,71
6	-3	20	9	-1	44	1	17	397,37
6	-3	21	-12	23	47	-2	17	287,54
6	-2	21	-2	16	39	-2	15	303,51
6	3	21	7	25	29	-2	5	161,85
6	3	21	13	16	33	-2	5	281,01
6	4	23	-9	24	31	1	3	227,28
6	-5	23	2	10	27	-3	21	137,6
6	-2	23	9	37	26	-3	15	239,05
6	0	23	11	20	50	0	11	336,25
6	-4	23	16	3	30	-3	19	242,22
6	3	24	-10	35	46	-2	5	158,94
6	0	24	-7	3	37	-3	11	236,1
6	4	24	11	36	51	-3	3	221,12
6	1	24	14	8	34	-1	9	121,27
6	1	25	-8	12	41	-2	9	170,72
6	-3	25	10	16	46	1	17	355,61
6	-4	26	-12	19	24	1	19	367,79
6	4	26	-10	20	30	-1	3	353,1
6	-5	26	-8	7	44	-2	21	126,37
6	-5	26	-3	13	27	-2	21	211,96
6	-2	26	8	28	40	-2	15	104,62
6	-4	26	8	14	23	-1	19	274,55
6	4	27	-9	5	38	0	3	132,42
6	4	27	6	14	38	1	3	253,13
6	-5	27	15	7	28	1	21	147,04
6	2	28	-7	30	42	0	7	62,67
6	4	28	-7	3	48	1	3	235,77
6	-4	28	0	37	53	-1	19	339,35
6	4	28	0	4	36	-2	3	181,86
6	2	29	-2	14	45	-2	7	253,67
6	3	30	-10	5	49	1	5	173,48
6	-4	30	-7	11	40	1	19	204,13
6	0	30	-4	2	45	0	11	268,74
6	3	30	8	21	41	1	5	354,02
6	0	30	8	16	42	0	11	315,89
6	3	30	11	24	44	-2	5	242,45
6	1	31	-6	22	46	-1	9	352,83
6	-3	31	5	19	33	0	17	357,87
6	2	33	-10	17	28	0	7	336,52
6	-4	33	2	10	41	-3	19	180,59
6	-2	33	8	19	53	-2	15	391,86
6	4	33	12	35	39	-2	3	174,3
6	-1	34	1	8	50	-1	13	176,05
6	4	35	-8	33	31	-1	3	146,91
6	-1	35	-4	28	38	1	13	155,8
6	-5	35	5	35	31	-2	21	199,03
6	-3	35	6	25	26	0	17	212,92
6	-3	35	10	30	43	0	17	110,78
6	-2	35	13	14	27	-3	15	290,9
6	1	36	14	3	40	1	9	279,56
6	2	36	16	30	49	-1	7	146,84
6	-4	36	16	10	36	-3	19	178,9
6	-4	37	-9	1	32	-2	19	364,97
6	0	37	9	15	47	-2	11	325,05
6	-1	38	-9	32	43	0	13	132,39
6	-3	38	3	13	35	-2	17	264,29
6	-5	38	4	5	41	1	21	239,65
6	-3	38	14	17	24	0	17	361,21
6	-3	39	1	13	50	0	17	283,15
6	2	40	-11	2	40	-2	7	317,91
6	1	40	-8	7	51	1	9	188,32
6	-1	40	5	9	40	0	13	155,83
6	-1	40	8	33	50	-1	13	211,97
6	1	41	1	11	39	-1	9	233,03
6	-1	41	4	19	35	0	13	406,9
6	-1	41	5	3	47	-2	13	284,03
6	-4	41	5	27	27	-2	19	186,42
6	-5	41	7	6	39	0	21	196,43
6	3	41	16	1	41	-2	5	359,78
6	2	42	-9	20	46	-1	7	438,8
6	-3	42	13	29	46	-3	17	180,25
6	4	42	13	-1	26	-1	3	472,96
6	3	42	15	20	47	-2	5	405,02
6	-3	43	-12	24	48	1	17	360,84
6	-2	43	0	2	39	-3	15	358,16
6	-2	43	5	5	51	0	15	223,36
6	4	43	15	32	33	-3	3	148,34
6	-2	44	4	27	43	-3	15	229,21
6	-1	44	13	33	36	-1	13	209,94
6	-4	44	15	23	49	-2	19	378,57
6	0	45	-4	-1	44	-3	11	480,76
6	1	46	6	37	32	0	9	314,71
6	-1	46	7	38	23	-3	13	358,54
6	-2	46	11	8	36	1	15	221,87
6	-1	46	15	16	31	1	13	412,65
6	4	47	3	18	46	1	3	454,9
6	4	48	9	-1	47	-3	3	468,66
6	1	49	-11	18	41	1	9	461,13
6	-5	49	-2	1	23	1	21	453,16
6	-3	50	-12	22	42	1	17	452,96
6	-3	50	-12	13	29	-3	17	336,11
6	-4	50	4	21	51	-2	19	467,79
6	-3	50	13	27	33	0	17	233,75
6	-3	51	1	13	52	-3	17	355,44
6	3	51	4	16	41	-3	5	426,82
6	2	51	8	8	35	-2	7	215,8
6	-4	51	12	-1	26	1	19	533,3
6	2	52	-1	21	39	-1	7	467,75
6	-2	52	-1	32	50	0	15	219,24
6	1	52	3	27	48	-2	9	260,86
6	-2	53	-7	6	51	0	15	257,57
6	-3	53	-3	22	49	-2	17	459,3
6	4	53	8	4	25	-3	3	314,9
6	-4	53	11	32	49	1	19	271,62
6	2	53	15	18	46	1	7	498,15
6	-4	54	3	-2	53	-1	19	586,82
6	-3	54	3	19	50	-3	17	518,09
6	4	54	13	30	41	1	3	213,66
6	2	54	14	17	27	-1	7	485,85
6	1	55	-2	20	38	-1	9	514,15
6	-4	55	7	38	51	-1	19	504,29
6	0	55	11	11	42	0	11	280,58
6	3	56	-11	3	40	0	5	353,09
6	1	56	-8	7	29	-2	9	250,63
6	1	56	1	29	41	0	9	221,46
6	2	56	5	15	45	1	7	441,29
6	3	56	10	36	53	1	5	392,9
6	-3	56	10	3	24	-1	17	403,29
6	4	56	11	31	43	0	3	198,45
6	-1	56	14	0	48	1	13	526,14
6	-5	57	3	35	44	0	21	344,65
6	-3	57	8	8	32	0	17	256,82
6	1	58	-12	4	30	1	9	369,21
6	2	58	-4	17	46	0	7	487,73
6	0	58	-4	-1	45	1	11	561,26
6	0	58	7	26	24	-2	11	304,04
6	4	58	7	-1	50	-1	3	545,61
6	2	58	8	8	38	0	7	247,74
6	3	58	13	20	52	0	5	496,62
6	1	59	-12	33	27	-2	9	254,89
7	1	13	2	-1	30	-2	9	333,91
7	3	13	13	8	30	0	5	52,88
7	2	13	14	8	37	-2	7	64,31
7	2	14	-11	8	39	-1	7	92,34
7	-5	14	-9	38	41	1	21	316,64
7	1	15	9	16	53	-2	9	285,72
7	-5	15	12	23	51	-1	21	321,97
7	-4	16	-10	21	28	1	19	333,9
7	4	16	6	28	53	-3	3	90,22
7	-2	16	12	26	48	-2	15	154,38
7	-2	16	15	5	33	-1	15	154,24
7	-3	17	-9	14	49	-3	17	263,44
7	4	17	11	9	44	-2	3	68,18
7	-2	18	-10	38	39	-3	15	297,94
7	-4	18	-8	8	47	-3	19	111,23
7	4	18	-4	22	31	-1	3	297,4
7	0	18	-4	-1	31	-2	11	352,26
7	-2	18	1	24	50	-3	15	255,89
7	-1	18	16	5	26	-1	13	156,25
7	-4	19	-12	27	35	-2	19	127,75
7	-1	19	-10	11	42	0	13	133,33
7	1	19	-7	3	50	-2	9	195,29
7	-5	19	-5	18	26	1	21	358,13
7	-5	19	-1	27	31	0	21	108,32
7	-4	19	0	22	30	1	19	322,7
7	3	19	6	17	30	-2	5	301,14
7	-3	19	8	31	31	0	17	53,6
7	1	20	-11	32	46	1	9	104,96
7	-4	20	4	2	31	-3	19	263,05
7	-1	20	4	7	23	0	13	79,4
7	-3	21	11	19	26	-2	17	341,68
7	-1	21	15	22	36	-1	13	334,96
7	0	21	16	25	49	-3	11	213,42
7	3	22	-12	4	33	1	5	182,96
7	-2	22	-7	28	46	-3	15	125,81
7	-1	22	12	12	41	1	13	203,24
7	3	23	-12	5	27	-2	5	130,95
7	4	23	-11	3	33	1	3	229,46
7	0	23	3	33	30	-3	11	93,51
7	-1	23	16	9	36	-2	13	110,55
7	2	24	-12	18	33	0	7	332,31
7	-3	24	-6	19	50	-3	17	381,58
7	0	24	14	19	31	-1	11	370,8
7	0	25	-2	30	50	-2	11	90,34
7	-1	25	4	11	45	-1	13	184,35
7	1	26	-10	17	39	-2	9	344,98
7	1	26	4	20	28	1	9	370,71
7	2	27	-4	5	53	0	7	136,02
7	0	27	-1	10	39	-2	11	128,54
7	2	27	2	21	40	-3	7	353,36
7	-4	27	8	15	42	-2	19	316,19
7	-3	27	12	35	47	-1	17	245,18
7	-3	28	0	34	44	0	17	170,61
7	-2	28	12	7	29	0	15	116,8
7	0	28	15	30	36	-2	11	78,32
7	-3	29	-5	21	36	-1	17	394,85
7	-5	30	-3	19	27	0	21	381,62
7	3	30	11	24	30	-3	5	256,5
7	2	31	-7	20	26	-3	7	366,3
7	3	31	-4	1	48	0	5	293,36
7	4	31	-4	38	50	1	3	348,04
7	3	31	14	33	27	0	5	102,25
7	-1	32	-10	28	23	-1	13	146,35
7	-1	32	6	36	34	1	13	265,6
7	-3	32	14	1	24	0	17	329,24
7	0	33	1	17	27	1	11	380,93
7	-5	34	-5	16	25	-3	21	359,76
7	2	34	-2	20	52	1	7	408,68
7	-5	34	6	30	44	0	21	144,81
7	-2	34	12	19	46	-1	15	434,47
7	-1	35	-10	25	39	-2	13	254,53
7	1	35	-7	12	34	-1	9	247,85
7	4	35	4	37	26	-2	3	267,67
7	3	35	12	24	52	1	5	312,84
7	-3	36	-12	1	31	0	17	352,01
7	-2	36	1	38	43	1	15	386,19
7	-4	36	4	3	37	1	19	307,89
7	2	36	10	6	32	1	7	185,51
7	3	36	14	8	25	1	5	152,71
7	4	36	14	15	49	-1	3	353,75
7	-5	36	15	38	34	0	21	347,4
7	4	37	-9	34	31	0	3	161,88
7	1	37	2	38	38	1	9	367,72
7	-1	38	-8	13	29	-2	13	274,24
7	-5	38	10	17	27	-1	21	423,58
7	3	38	16	20	46	-3	5	416,26
7	-4	39	-2	1	43	1	19	400,07
7	-3	39	2	1	26	0	17	355,03
7	-5	40	-9	22	34	-3	21	406,02
7	-1	40	-5	8	23	0	13	158,65
7	3	40	5	25	46	-2	5	265,66
7	3	40	8	39	26	-2	5	372,38
7	1	40	10	-1	31	-3	9	443,27
7	-5	40	11	30	32	-2	21	157,46
7	3	40	12	6	29	0	5	170,58
7	1	41	-10	30	26	0	9	119,34
7	1	41	-5	4	47	-3	9	255,66
7	4	41	12	19	26	0	3	402,88
7	3	42	-6	1	28	-2	5	373,6
7	4	43	-9	4	26	1	3	270,14
7	4	43	0	18	25	-1	3	450,33
7	4	44	-7	24	23	-1	3	334,97
7	-3	44	-4	14	53	-1	17	397,37
7	-1	44	-2	33	32	-2	13	195,65
7	-3	44	4	30	23	-3	17	153
7	1	44	5	2	23	1	9	364,65
7	2	44	5	38	30	-2	7	371,84
7	-1	44	10	0	28	0	13	434,19
7	3	44	16	27	36	-1	5	243,4
7	-3	45	-11	-2	30	-2	17	504,7
7	-4	45	3	24	34	0	19	341,5
7	-3	45	12	26	38	1	17	302,7
7	-1	46	-1	20	41	0	13	449,08
7	1	47	-10	32	49	1	9	230,66
7	4	47	-10	19	46	-1	3	483,35
7	1	48	0	16	24	-1	9	451,7
7	3	48	6	35	40	1	5	311,09
7	3	48	10	33	43	1	5	244,49
7	4	48	15	21	38	-1	3	461,76
7	2	48	16	22	34	0	7	410,65
7	-5	49	-5	8	47	-2	21	251,09
7	-1	49	-1	19	49	-3	13	512,86
7	-4	50	3	2	29	-2	19	402,44
7	-2	50	16	33	49	0	15	255,23
7	0	51	-2	39	50	0	11	490,4
7	-3	51	0	2	30	0	17	399,99
7	3	52	-1	9	34	-2	5	239,28
7	1	52	0	28	48	-3	9	263,19
7	-2	52	10	28	48	-2	15	270,45
7	-5	53	-7	8	25	-2	21	256,98
7	4	54	9	22	52	-3	3	480,21
7	0	54	14	32	23	1	11	252,71
7	1	55	1	11	42	1	9	333,89
7	-3	55	8	27	31	1	17	316,29
7	-3	55	10	24	27	-1	17	433,02
7	2	56	-12	37	46	1	7	465,28
7	0	56	-5	18	37	-2	11	530,62
7	-5	56	-4	34	52	-2	21	364,25
7	2	56	-1	0	49	1	7	531,47
7	3	56	-1	35	33	0	5	331,52
7	-4	56	2	-1	44	0	19	559,48
7	-2	56	12	11	34	-1	15	366,88
7	-1	56	16	34	42	-1	13	363,15
7	0	57	3	32	35	-2	11	266,9
7	-3	58	4	35	43	0	17	381,71
7	-2	59	-7	32	41	1	15	322,26
7	-2	59	-4	22	30	0	15	497,85
7	4	59	10	-2	36	-2	3	578,53
7	1	59	12	17	44	-3	9	550,54
